BioNavigator Version	6.3.67.0																																																		
	Exposure time	5	10	25	50	100	5	10	25	50	100	5	10	25	50	100	5	10	25	50	100	5	10	25	50	100	5	10	25	50	100	5	10	25	50	100	5	10	25	50	100	5	10	25	50	100	5	10	25	50	100
	Cycle	124	124	124	124	124	124	124	124	124	124	124	124	124	124	124	124	124	124	124	124	124	124	124	124	124	124	124	124	124	124	124	124	124	124	124	124	124	124	124	124	124	124	124	124	124	124	124	124	124	124
	Barcode	710429119	710429119	710429119	710429119	710429119	710429119	710429119	710429119	710429119	710429119	710429120	710429120	710429120	710429120	710429120	710429120	710429120	710429120	710429120	710429120	710429120	710429120	710429120	710429120	710429120	710429120	710429120	710429120	710429120	710429120	710429121	710429121	710429121	710429121	710429121	710429121	710429121	710429121	710429121	710429121	710429121	710429121	710429121	710429121	710429121	710429121	710429121	710429121	710429121	710429121
	PamChip Location	1	1	1	1	1	1	1	1	1	1	2	2	2	2	2	2	2	2	2	2	2	2	2	2	2	2	2	2	2	2	3	3	3	3	3	3	3	3	3	3	3	3	3	3	3	3	3	3	3	3
	Visual QC	OK	OK	OK	OK	OK	OK	OK	OK	OK	OK	OK	OK	OK	OK	OK	OK	OK	OK	OK	OK	OK	OK	OK	OK	OK	OK	OK	OK	OK	OK	OK	OK	OK	OK	OK	OK	OK	OK	OK	OK	OK	OK	OK	OK	OK	OK	OK	OK	OK	OK
	Array	A3	A3	A3	A3	A3	A4	A4	A4	A4	A4	A1	A1	A1	A1	A1	A2	A2	A2	A2	A2	A3	A3	A3	A3	A3	A4	A4	A4	A4	A4	A1	A1	A1	A1	A1	A2	A2	A2	A2	A2	A3	A3	A3	A3	A3	A4	A4	A4	A4	A4
	Sample name	Female_VEH	Female_VEH	Female_VEH	Female_VEH	Female_VEH	Female_INS	Female_INS	Female_INS	Female_INS	Female_INS	Male_VEH	Male_VEH	Male_VEH	Male_VEH	Male_VEH	Male_INS	Male_INS	Male_INS	Male_INS	Male_INS	Female_VEH	Female_VEH	Female_VEH	Female_VEH	Female_VEH	Female_INS	Female_INS	Female_INS	Female_INS	Female_INS	Male_VEH	Male_VEH	Male_VEH	Male_VEH	Male_VEH	Male_INS	Male_INS	Male_INS	Male_INS	Male_INS	Female_VEH	Female_VEH	Female_VEH	Female_VEH	Female_VEH	Female_INS	Female_INS	Female_INS	Female_INS	Female_INS
ID																																																			
#REF		39	78	204	409	810	42	85	212	429	867	43	88	217	453	908	39	77	203	411	810	36	78	202	406	809	43	82	215	434	846	42	81	201	401	819	39	80	203	414	834	39	77	202	406	800	40	82	208	416	846
#REF		47	95	232	475	944	48	98	247	501	1013	52	101	257	532	1062	49	96	257	514	1003	50	95	243	495	999	50	103	251	508	1038	46	97	245	493	1004	51	98	253	503	998	47	95	237	485	954	50	97	242	499	1006
#REF		48	91	243	479	957	48	97	247	494	1010	52	105	267	521	1073	52	98	252	498	1013	48	93	237	480	963	51	98	249	499	1001	50	100	247	493	1003	49	100	249	488	983	47	94	238	490	968	47	95	245	510	1002
#REF		48	95	244	496	996	49	98	257	528	1050	53	105	274	548	1108	50	101	255	527	1037	50	101	247	505	1000	52	98	261	508	1062	51	102	258	529	1017	54	98	262	519	1031	48	91	246	496	990	49	99	253	505	1007
#REF		50	93	243	502	1005	51	107	267	543	1081	59	109	279	562	1121	54	108	274	553	1095	52	108	272	542	1098	52	106	269	546	1097	49	105	260	520	1049	56	109	277	567	1132	53	105	264	542	1078	53	103	267	547	1075
#REF		48	96	244	504	1001	50	104	256	529	1061	54	111	272	554	1106	55	101	261	538	1066	50	104	267	533	1086	51	102	262	537	1065	50	99	251	508	1018	55	107	269	540	1114	49	102	257	526	1056	51	104	262	527	1055
#REF		43	85	224	444	895	45	94	234	469	943	50	98	244	496	988	45	95	236	481	963	50	97	242	487	974	43	94	234	481	951	47	93	230	458	917	49	92	252	498	1005	48	92	229	479	945	47	95	244	486	955
#REF		48	98	255	510	1018	49	99	252	515	1043	53	109	278	553	1121	54	110	278	543	1101	56	104	264	540	1073	50	103	260	527	1050	52	103	257	524	1049	55	107	276	575	1155	54	106	285	566	1143	51	104	264	535	1066
pTY3H		515	1039	2644	3744	3414	567	1156	2939	3690	3275	553	1117	2821	3721	3415	600	1191	2977	3736	3357	500	999	2517	3748	3366	481	970	2418	3702	3297	504	1001	2526	3787	3481	557	1124	2853	3751	3398	479	975	2443	3768	3413	443	908	2297	3726	3349
ATF2		-3	-3	-7	-11	-30	-2	-3	-2	-10	-7	-3	-4	-7	-11	-27	-1	-6	-8	-19	-40	-2	0	-9	-8	-20	-2	-3	-1	-10	-12	-1	-2	-7	-20	-46	-3	-2	-6	-11	-29	-1	-5	-7	-18	-38	-2	-3	-9	-16	-33
CDN1A		723	1459	3690	3653	3193	744	1504	3803	3617	3139	698	1378	3492	3658	3222	709	1418	3535	3674	3243	708	1415	3547	3661	3205	672	1352	3361	3615	3107	556	1098	2776	3753	3427	656	1315	3329	3698	3273	662	1343	3402	3680	3242	641	1303	3317	3639	3172
FIBA		2	4	11	26	52	2	8	17	30	83	3	5	12	19	52	1	5	13	31	51	1	2	13	30	58	3	8	18	42	87	1	1	10	23	47	-1	1	8	16	53	1	3	14	31	49	0	7	16	33	79
IKKB		-1	-3	-1	-2	-14	-1	-2	-3	-10	-24	0	0	-4	-8	-18	-1	0	-5	-6	-13	0	-3	-5	-7	-13	-1	-1	-7	-6	-18	-1	-2	-3	-8	-10	-2	-2	-7	-6	-10	-3	-2	-5	-4	-15	-3	-1	-2	-9	-15
LIPS		381	771	1949	3785	3456	358	722	1829	3660	3429	249	503	1254	2528	3608	308	612	1550	3132	3544	372	734	1849	3720	3470	331	661	1669	3351	3404	168	342	859	1709	3433	284	572	1446	2904	3560	280	568	1429	2872	3551	272	560	1406	2830	3448
MYBB		-4	-4	-7	-15	-22	-3	-4	-9	-16	-30	-2	0	-3	-9	-18	-3	-2	-10	-20	-30	-2	-3	-7	-18	-35	-3	-3	-8	-20	-49	-1	-3	-5	-9	-17	-2	-1	-7	-6	-22	-2	-2	-9	-8	-20	-3	-4	-10	-14	-24
PLEK		167	338	868	1735	3477	180	376	944	1895	3548	156	315	802	1609	3229	181	365	918	1842	3637	173	343	865	1723	3473	179	359	903	1800	3539	124	245	631	1256	2530	178	365	926	1848	3644	149	302	768	1551	3100	159	323	829	1660	3302
RBL2		-2	-2	-4	-5	-13	-1	0	-2	-2	-9	0	-1	-1	-4	-8	0	-2	-3	-10	-12	2	1	0	0	-6	1	0	-1	3	-8	0	-2	-1	-6	-6	-2	-2	-6	-6	-9	-1	-1	0	-1	-3	-2	-2	-1	-6	-9
VIGLN		-3	-4	-6	-5	-24	-2	-2	-7	-18	-25	-1	0	-4	-5	-7	-1	-6	-7	-14	-32	-2	-2	-2	-13	-9	-4	-4	-7	-25	-33	-3	-3	-4	-3	-8	-2	0	-6	-3	-14	-2	-1	-2	-8	-26	-3	-5	-14	-19	-11
GRIK2		1366	2796	3722	3360	2671	1430	2877	3715	3269	2535	1275	2557	3750	3382	2727	1314	2650	3753	3389	2690	1316	2629	3716	3342	2625	1293	2580	3700	3289	2471	1036	2083	3806	3492	2930	1306	2596	3734	3369	2687	1211	2432	3754	3406	2710	1232	2528	3697	3285	2465
RADI		-7	-12	-36	-69	-141	-2	-8	-28	-66	-114	-4	-10	-18	-46	-106	-5	-11	-22	-88	-40	-4	-6	-31	-58	-183	-6	-8	-25	-14	-113	-4	-7	-8	-28	-60	-4	-10	-31	-69	-46	-2	-5	-20	-46	-34	-3	-6	-13	-33	-37
ACM1		2	6	13	30	74	3	6	24	54	107	1	5	13	31	71	2	4	15	44	86	4	4	15	34	76	5	9	24	53	113	2	5	10	24	65	3	4	16	40	78	2	4	15	34	75	4	6	19	45	88
ATM		0	-2	-8	-16	-27	-2	-5	-9	-17	-36	-1	-1	-7	-13	-22	-2	-2	-8	-20	-32	-2	-4	-5	-13	-23	-2	-5	-9	-18	-35	0	0	-4	-7	-15	-1	-1	-5	-12	-23	-2	-3	-7	-13	-21	-2	-3	-9	-9	-32
CDN1B		-1	-2	-4	-9	-17	-1	-4	-4	-11	-15	-1	-1	-3	-6	-4	-1	-1	-2	-13	-21	-2	-3	-6	-12	-17	0	-3	-5	-12	-26	-1	0	-5	-4	-5	-1	-4	-7	-7	-28	-1	-2	-3	-9	-21	0	-3	-8	-10	-17
FOXO3		8	19	48	96	193	16	25	72	142	293	10	21	49	99	202	12	20	56	114	231	12	20	52	108	215	12	30	69	146	285	9	18	42	87	177	11	19	48	104	212	10	19	55	109	218	13	26	65	140	273
IKKB		-2	-3	-9	-19	-44	-3	-7	-11	-26	-65	-1	-2	-8	-13	-28	-1	-2	-8	-17	-42	-1	-6	-9	-19	-43	-2	-6	-11	-23	-52	0	-2	-6	-8	-22	-1	-4	-10	-17	-42	-3	-4	-7	-16	-35	-2	-5	-10	-22	-45
LMNA		0	0	-2	-4	-6	-1	-1	-2	-2	-11	0	1	-1	-4	-5	-1	-1	-6	-3	-4	-1	-2	-1	-4	0	-1	-3	-5	-12	-10	0	-1	0	-3	-5	1	-2	-3	-4	-3	0	-2	-2	0	-3	-2	-3	-3	-7	-24
MYC		0	0	-1	-4	-6	-1	-3	-4	-5	-19	0	1	2	-1	-5	-2	-1	-4	-6	-6	0	-1	-4	-8	-16	-3	-4	-3	-13	-24	0	-2	-1	-2	-4	0	-3	-3	-5	-10	1	-1	-1	-4	-11	-1	-3	-5	-7	-18
PP2AB		2	2	8	11	22	1	3	9	19	29	3	1	6	11	10	2	1	9	12	39	3	3	8	14	32	2	3	8	18	34	1	4	0	9	13	2	2	4	15	29	0	1	5	8	15	4	2	10	24	52
RBL2		21	43	103	205	407	22	41	109	225	445	21	37	92	185	381	19	37	97	196	403	17	37	92	189	380	22	41	107	222	440	11	23	61	125	261	23	40	108	208	428	17	35	85	167	345	20	40	101	215	444
YAP1		-2	-8	-19	-43	-65	0	-10	-21	-44	-96	-1	-3	-13	-40	-91	-3	-5	-15	-29	-52	-3	-10	-9	-23	-58	-5	-6	-17	-35	-67	-2	-4	-11	-29	-51	-2	-3	-11	-15	-40	0	-6	-13	-37	-73	-2	-4	-18	-36	-66
KAP2		460	944	2343	3649	3202	437	877	2213	3620	3137	356	718	1805	3644	3305	414	823	2077	3678	3336	437	867	2203	3643	3190	403	807	2038	3623	3128	318	651	1641	3255	3404	396	810	2014	3705	3300	403	823	2096	3684	3259	381	784	1949	3654	3188
RS6		789	1593	3808	3540	2979	764	1545	3793	3500	2882	666	1319	3347	3630	3135	724	1454	3653	3611	3114	761	1499	3798	3560	2992	715	1408	3526	3511	2938	493	1003	2520	3715	3312	680	1370	3441	3610	3109	665	1345	3397	3614	3145	657	1322	3344	3538	2982
ACM1		3	7	20	41	83	6	12	25	64	131	4	9	19	36	81	3	9	21	45	89	6	6	25	44	82	4	14	36	69	144	2	7	17	35	75	6	8	22	46	92	2	7	24	39	95	6	12	33	64	137
BAD		320	641	1624	3222	3509	288	597	1495	3004	3461	209	423	1058	2136	3627	240	483	1240	2466	3580	309	614	1523	3085	3507	288	581	1462	2938	3447	132	267	660	1336	2659	250	502	1266	2548	3598	264	524	1348	2725	3597	260	531	1329	2725	3517
CENPA		118	233	592	1193	2419	123	250	649	1292	2594	100	206	520	1048	2113	121	242	614	1234	2483	113	232	567	1146	2340	119	239	606	1221	2454	72	146	372	752	1480	118	231	591	1204	2401	90	187	479	965	1933	104	206	538	1094	2178
FRAP		111	224	570	1146	2327	84	172	439	885	1753	66	133	336	688	1372	83	171	427	868	1740	104	212	535	1087	2189	84	173	437	868	1754	31	68	165	332	669	83	162	413	846	1699	78	157	398	812	1594	70	150	386	772	1539
K6PL		0	1	3	4	16	-1	1	2	2	10	0	0	0	4	9	0	-1	3	1	8	1	2	0	0	11	1	1	-1	5	-1	1	3	-1	2	1	0	0	0	2	1	0	0	2	2	11	2	1	6	7	15
LMNB1		2	3	9	15	30	2	6	17	31	64	2	2	4	11	29	2	5	14	28	54	1	4	9	15	34	1	8	13	32	60	-2	3	6	12	23	0	3	10	24	41	1	3	8	12	28	2	4	18	31	63
NEK2		2	7	7	19	36	1	5	12	27	45	0	6	6	17	36	1	3	6	19	36	3	2	7	14	29	1	3	9	15	51	-1	2	6	10	26	2	1	7	15	31	2	4	7	16	31	2	3	9	17	45
PPR1A		83	164	428	850	1710	76	160	410	819	1656	52	112	278	556	1130	65	134	348	689	1390	81	161	412	829	1660	77	149	378	782	1534	41	83	209	427	887	63	128	326	658	1302	67	130	342	694	1408	67	132	349	689	1387
RBL2		-2	-5	-14	-22	-25	-1	-3	-5	-18	-27	-2	-3	-8	-16	-39	-2	-4	-2	-14	-24	-2	-4	-3	-8	-14	-2	-5	-5	-20	-27	-2	-3	-6	-5	-9	-3	-2	-6	-12	-21	-4	-3	-10	-4	-31	-2	-3	-4	-10	-22
ADRB2		515	1043	2624	3664	3208	509	1035	2605	3619	3150	391	788	1965	3741	3386	422	858	2167	3717	3339	493	996	2490	3659	3197	459	916	2309	3619	3136	303	619	1558	3106	3526	419	831	2125	3744	3365	438	886	2248	3717	3341	440	882	2205	3673	3248
KCC2G		-4	-6	-19	-35	-77	-6	-8	-15	-32	-75	-3	-3	-16	-24	-49	-4	-6	-12	-28	-52	-5	-8	-20	-36	-75	-2	-6	-13	-27	-58	-2	-5	-12	-25	-47	-3	-8	-17	-26	-54	-5	-8	-15	-31	-67	-4	-7	-18	-36	-71
RYR1		326	670	1685	3386	3291	294	613	1533	3066	3258	261	525	1320	2639	3442	306	613	1559	3142	3415	313	627	1583	3187	3314	289	570	1448	2921	3272	194	394	988	1982	3562	293	584	1495	2970	3402	265	541	1372	2762	3421	242	515	1272	2566	3311
ACM4		3	5	18	34	75	4	9	23	47	104	1	6	17	38	72	4	8	16	41	85	4	8	18	37	74	5	8	26	46	98	2	6	17	32	60	4	10	16	38	78	3	7	17	31	70	2	7	21	38	85
BAD		10	20	46	97	204	10	16	52	108	215	4	13	30	67	133	7	14	37	76	152	10	19	53	102	205	10	19	47	96	198	4	7	19	46	87	7	17	35	79	152	8	15	38	74	147	9	18	44	88	173
COF1		18	39	95	194	380	15	31	83	165	353	6	13	28	62	131	6	18	44	94	192	18	40	104	210	419	18	35	87	182	362	3	5	15	24	62	8	21	48	84	192	8	21	59	116	242	10	25	58	118	246
FRAP		-1	-2	-8	-8	-24	-1	-6	-9	-19	-37	-1	-2	-7	-10	-17	-1	-3	-8	-17	-27	-2	-4	-8	-19	-32	0	-1	-10	-15	-31	0	-1	-1	-7	-9	0	-1	-7	-9	-18	-2	0	-7	-12	-21	-1	-1	-5	-9	-20
KAPCG		2	7	16	35	67	4	10	18	41	77	1	4	13	29	53	2	6	13	27	66	0	5	14	27	57	3	7	20	41	79	1	1	11	14	40	3	5	15	32	61	-1	5	12	26	54	4	7	19	39	78
MARCS		5	9	22	53	104	8	18	42	91	184	5	9	22	51	110	4	11	25	57	116	4	12	28	61	131	11	16	43	97	175	3	9	21	43	88	5	12	27	58	117	6	12	29	62	128	9	19	45	87	185
NEK3		1	3	5	18	27	1	5	17	30	61	1	3	2	4	41	0	2	4	15	27	-1	4	12	16	-22	3	6	17	28	61	0	1	10	13	3	2	6	9	24	54	-2	3	1	-2	24	2	5	12	29	68
PRKDC		-3	-4	-2	-3	12	1	5	8	11	33	-1	1	6	-4	0	0	2	7	11	17	0	4	5	4	37	0	2	2	9	24	0	1	6	9	-2	0	2	3	7	0	0	1	-3	10	15	1	7	9	1	-6
REL		493	992	2479	3657	3189	465	948	2405	3636	3151	322	637	1598	3222	3423	359	721	1814	3627	3353	449	913	2298	3647	3225	431	857	2145	3615	3135	216	431	1098	2208	3568	370	734	1874	3711	3376	366	736	1863	3703	3323	345	726	1825	3613	3255
ART		746	1511	3752	3482	2852	774	1553	3769	3425	2765	606	1224	3067	3585	3060	641	1297	3273	3553	3059	726	1432	3668	3458	2828	705	1385	3522	3417	2801	471	940	2371	3683	3263	646	1293	3269	3557	3017	651	1312	3330	3527	2959	644	1318	3292	3486	2881
KCNA1		151	306	777	1556	3121	123	252	643	1275	2595	67	129	331	660	1336	93	184	467	921	1868	134	274	694	1397	2795	121	235	588	1195	2390	41	77	201	399	802	90	177	456	891	1819	89	177	459	911	1861	96	190	479	962	1961
SCN7A		509	1028	2605	3619	3125	484	968	2444	3601	3093	348	697	1765	3549	3405	415	828	2098	3723	3318	494	972	2486	3644	3176	458	913	2314	3635	3135	257	511	1288	2597	3532	409	803	2037	3710	3331	396	804	2023	3710	3306	399	816	2059	3658	3208
ACM5		12	24	70	132	277	16	35	85	177	359	12	24	69	139	278	14	27	69	147	299	13	26	77	151	301	18	38	94	198	388	10	22	62	127	250	16	32	75	152	311	13	26	70	144	300	17	34	87	184	355
BAD		9	18	59	114	234	11	26	78	143	319	11	20	59	121	230	8	21	55	102	221	11	22	60	116	240	16	30	77	156	327	8	18	46	97	193	10	24	59	121	245	10	21	55	110	224	11	24	72	137	282
CSF1R		670	1335	3378	3658	3202	640	1295	3279	3617	3165	517	1039	2612	3729	3376	551	1090	2802	3713	3300	661	1295	3294	3665	3202	607	1219	3063	3618	3156	357	718	1810	3692	3560	533	1084	2722	3738	3367	556	1114	2818	3719	3331	580	1170	2963	3642	3186
GPR6		97	196	515	1009	2038	78	158	412	834	1688	55	110	284	568	1129	69	138	361	726	1427	95	191	486	972	1957	84	166	419	845	1667	24	54	140	270	549	68	134	342	686	1383	70	139	346	707	1425	75	150	384	777	1564
KCNA2		155	318	815	1636	3289	130	266	676	1372	2737	97	194	504	1004	2039	118	234	606	1211	2417	148	295	750	1493	2982	123	254	644	1288	2591	52	105	267	542	1085	113	230	588	1176	2373	110	227	579	1155	2317	108	222	563	1129	2254
MARCS		4	5	10	41	68	4	6	18	49	94	4	5	12	40	82	4	8	16	49	77	3	4	15	22	54	4	7	19	35	118	-1	7	15	32	60	4	6	14	26	79	1	5	12	30	69	3	7	19	47	112
NMDZ1		779	1587	3831	3532	3016	762	1556	3822	3554	2994	717	1439	3597	3613	3125	746	1494	3766	3615	3133	722	1428	3613	3578	3051	791	1572	3819	3525	2932	540	1087	2723	3733	3358	675	1376	3463	3625	3146	662	1343	3365	3634	3192	710	1454	3657	3574	3036
PTK6		368	742	1877	3711	3313	319	653	1634	3306	3307	317	644	1609	3265	3425	314	631	1577	3195	3447	333	681	1687	3427	3378	305	614	1530	3096	3303	210	429	1093	2174	3597	315	640	1608	3211	3446	305	616	1561	3134	3441	301	612	1543	3122	3330
SRC		-6	-11	-38	-56	-122	-5	-12	-37	-83	-168	-5	-10	-21	-52	-101	-5	-13	-22	-49	-108	-7	-10	-24	-49	-106	-4	-8	-24	-51	-107	-4	-7	-16	-26	-69	-5	-8	-23	-46	-93	-6	-8	-25	-56	-126	-6	-11	-23	-48	-101
CAC1C		562	1137	2864	3529	2951	571	1150	2900	3500	2895	443	893	2229	3619	3153	502	1015	2579	3632	3148	550	1088	2718	3524	2950	512	1021	2570	3508	2875	376	761	1936	3707	3334	474	980	2418	3601	3102	501	999	2524	3599	3083	472	960	2408	3540	2973
KPB1		788	1573	3800	3480	2882	770	1573	3787	3474	2883	605	1228	3093	3590	3108	668	1361	3403	3605	3097	740	1469	3685	3472	2845	700	1379	3474	3479	2865	480	957	2446	3711	3311	710	1424	3590	3557	3008	662	1322	3373	3553	3013	642	1306	3249	3500	2910
SRC8		-8	-11	-19	-57	-113	-8	-9	-29	-53	-111	-2	-11	-21	-37	-84	-3	-6	-17	-39	-92	-4	-7	-28	-55	-133	-7	-8	-29	-63	-107	-5	-8	-17	-32	-68	-4	-8	-27	-49	-101	-3	-6	-21	-46	-85	-2	-10	-21	-39	-86
ACM5		8	17	47	96	201	10	21	54	112	225	8	19	43	91	177	8	18	46	95	189	7	16	52	99	203	12	24	63	131	269	7	15	39	84	162	10	15	47	94	205	8	17	47	98	193	9	20	53	109	216
BCKD		3	7	19	40	83	5	9	25	56	106	1	8	15	30	70	3	7	17	38	75	3	8	22	45	89	5	13	27	56	110	2	4	11	23	50	5	6	15	42	80	3	7	17	34	64	5	7	24	45	87
CSK21		-4	-7	-24	-42	-63	-3	-10	-25	-48	-79	-3	-5	-15	-35	-69	-3	-4	-16	-31	-58	-2	-5	-13	-44	-66	-5	-8	-19	-43	-76	-3	-4	-15	-24	-44	-2	-5	-13	-29	-64	-3	-7	-13	-29	-58	-4	-8	-24	-46	-86
GPSM2		730	1430	3686	3633	3176	701	1410	3569	3605	3083	555	1117	2781	3711	3300	626	1242	3152	3695	3288	699	1412	3529	3625	3139	616	1241	3118	3602	3100	395	795	1971	3810	3506	590	1174	2951	3711	3319	613	1241	3142	3693	3247	591	1204	3060	3632	3157
KCNA3		83	180	448	909	1832	74	147	376	756	1510	43	83	208	426	873	56	113	287	568	1149	85	174	448	896	1798	75	148	384	788	1549	17	38	94	199	405	56	110	276	567	1146	62	126	323	666	1329	60	118	306	612	1229
MBP		2	5	9	20	43	4	5	13	30	55	2	3	14	30	62	2	6	13	29	54	2	7	20	35	71	2	6	16	33	63	1	4	9	25	53	4	7	10	28	49	2	3	14	25	47	4	6	18	29	57
NOS3		212	434	1087	2178	3519	180	356	918	1853	3476	173	347	863	1736	3492	184	369	931	1884	3540	192	388	979	1969	3521	163	338	855	1737	3455	100	205	527	1047	2105	180	366	906	1834	3572	171	344	868	1739	3513	159	317	812	1629	3294
RAB1A		-1	-3	-12	-28	-59	-1	-2	-10	-24	-47	-2	-3	-8	-11	-28	-3	-2	-6	-7	-27	0	0	-5	-6	-41	1	-1	-4	-12	-29	-3	-1	-7	-16	-25	-1	-3	-8	-19	-49	-1	-6	-12	-16	-40	0	0	-4	-8	-2
STK6		566	1140	2848	3601	3158	532	1064	2685	3593	3075	447	892	2241	3703	3291	481	976	2460	3682	3279	538	1069	2714	3635	3154	492	972	2436	3592	3094	349	707	1789	3562	3486	471	941	2400	3686	3282	486	978	2476	3695	3268	438	902	2275	3655	3206
CFTR		1053	2142	3738	3397	2641	1023	2063	3729	3353	2603	876	1773	3787	3476	2831	888	1801	3803	3511	2913	988	1944	3734	3364	2655	940	1883	3728	3335	2626	682	1378	3460	3581	3086	925	1859	3778	3462	2800	907	1822	3778	3474	2835	889	1821	3756	3399	2706
MYPC3		1255	2558	3675	3246	2319	1209	2450	3665	3219	2371	1096	2209	3728	3344	2580	1177	2362	3721	3334	2557	1161	2305	3672	3244	2382	1146	2276	3668	3228	2346	895	1804	3804	3505	2887	1185	2344	3716	3329	2562	1143	2300	3697	3326	2496	1130	2291	3691	3284	2475
VASP		158	330	835	1660	3316	129	267	679	1361	2717	117	225	573	1159	2325	136	267	686	1395	2824	157	317	816	1622	3217	135	276	697	1410	2799	84	161	418	840	1701	129	256	658	1306	2654	136	271	692	1396	2816	115	234	588	1185	2361
ADDB		8	11	36	65	138	11	21	52	110	223	7	13	30	57	121	5	12	29	63	128	6	13	39	77	160	13	21	53	115	236	5	8	25	50	100	7	11	31	59	122	7	13	31	67	141	11	22	55	110	222
BRCA1		-2	0	-3	0	-6	1	1	-2	-5	-1	1	1	0	2	-4	-1	-1	-4	-6	-15	-3	1	-1	-2	-8	1	-1	1	-3	-10	-1	-2	-2	-2	0	0	1	1	-3	-2	-2	-1	-2	-2	-4	0	-1	-3	-3	-10
DCX		2	4	15	27	60	4	7	19	38	81	2	4	9	22	49	1	5	10	27	48	2	4	14	29	57	5	9	19	41	89	3	3	6	16	37	0	5	13	25	62	1	3	13	25	55	2	5	18	38	81
GSUB		5	10	26	60	118	7	16	35	76	153	3	9	17	42	95	5	11	25	50	107	3	9	28	58	121	7	15	36	78	156	4	6	13	35	75	5	9	24	47	108	3	9	25	53	104	8	13	41	79	153
KCNB1		0	-1	3	12	20	-1	2	7	9	22	0	2	3	14	13	-1	3	7	13	25	-3	0	3	13	27	4	0	4	9	21	1	1	3	7	19	0	2	3	7	16	1	1	6	9	21	1	1	5	12	28
MK10		0	-4	-6	-13	-35	0	-3	-9	-15	-28	0	2	-1	-5	-11	-1	-1	-5	-10	-10	-4	-3	-8	-10	-24	0	-3	-5	-10	-38	0	0	-5	-7	-14	0	-4	-6	-13	-28	-3	-2	-4	-14	-21	-1	-3	-8	-14	-31
NR4A1		5	11	33	70	146	10	24	59	127	246	8	13	28	60	125	6	12	32	64	125	6	14	30	64	138	13	20	50	109	219	6	10	26	55	115	5	13	33	64	140	6	13	34	74	151	10	21	54	109	214
RAF1		15	23	71	145	273	8	20	51	111	221	4	13	24	56	127	8	15	40	90	176	13	22	60	130	262	9	21	52	99	213	4	6	17	33	78	7	13	41	76	147	7	13	33	77	175	9	15	38	76	160
STMN2		439	892	2258	3647	3182	401	817	2047	3634	3194	279	563	1411	2805	3411	322	649	1658	3295	3398	437	861	2162	3642	3204	391	768	1953	3640	3182	196	404	1028	2031	3598	328	671	1680	3346	3383	326	666	1667	3331	3358	312	643	1616	3258	3320
CGHB		141	288	726	1465	2969	124	243	629	1263	2545	95	192	480	969	1945	107	214	556	1103	2225	141	286	712	1428	2877	119	240	609	1233	2453	75	143	371	750	1496	110	215	560	1118	2240	105	211	548	1091	2181	106	210	534	1085	2178
NCF1		781	1594	3717	3354	2559	779	1602	3724	3313	2587	774	1553	3738	3413	2751	901	1818	3725	3335	2658	798	1562	3721	3322	2536	757	1496	3712	3366	2598	737	1482	3687	3482	2895	805	1629	3733	3369	2628	622	1255	3168	3404	2739	678	1391	3514	3371	2651
VTNC		799	1639	3711	3372	2594	765	1537	3702	3311	2517	696	1402	3503	3441	2779	719	1425	3583	3458	2831	792	1564	3720	3352	2602	720	1454	3650	3336	2621	503	1023	2564	3566	3059	705	1406	3598	3413	2711	636	1281	3235	3474	2851	657	1310	3317	3383	2701
ADDB		13	25	67	139	283	15	29	76	156	311	10	19	47	91	186	13	24	53	114	231	13	24	69	138	281	15	32	82	165	337	8	15	40	83	168	12	25	61	125	244	11	26	62	124	251	14	29	75	154	319
C1R		2	1	5	12	21	2	2	8	14	24	0	3	3	6	14	3	1	4	8	16	1	0	6	5	16	1	2	8	13	31	1	1	4	6	8	1	4	7	11	18	-1	3	3	7	16	0	3	4	13	20
ELK1		0	-1	-5	-1	-3	-1	-3	-3	-7	-13	0	2	-1	0	-5	0	-2	-2	-3	-8	1	-3	2	0	-11	0	-1	-6	-11	-16	0	1	0	0	-1	-2	-1	-1	-2	-8	-2	0	-4	-1	-4	0	1	-2	-6	-11
GYS2		36	73	179	368	728	28	59	147	303	616	21	42	95	195	397	23	45	108	229	463	39	74	192	376	783	32	63	151	301	633	13	23	60	120	248	22	45	109	227	463	26	49	118	250	518	26	51	127	263	529
KIF11		-1	-2	-2	-2	-7	0	-3	-3	-3	-10	0	-1	1	-2	-6	-2	1	-1	-4	-1	0	-1	-2	-3	-7	-1	1	-3	-4	-5	-2	-1	-2	-2	1	0	2	-1	-5	-6	0	2	-1	-3	-2	1	1	3	6	7
MP2K1		0	-1	-2	-2	0	1	-2	0	3	1	1	2	1	2	8	1	1	1	-1	3	1	0	2	2	5	0	0	1	2	5	0	2	0	-1	6	1	1	1	-2	-1	-1	1	1	-1	5	2	1	3	5	11
NTRK3		2	0	3	7	12	0	1	0	4	-1	-1	1	3	6	12	2	-1	2	6	7	0	-1	3	3	7	2	2	-1	-1	6	1	1	2	5	11	1	2	1	4	9	0	1	3	5	10	2	2	1	1	3
RAP1B		66	133	338	677	1371	58	122	306	619	1234	33	69	169	344	694	45	90	228	449	915	68	128	328	678	1335	60	116	287	598	1206	23	47	112	228	459	45	91	222	460	914	48	102	253	512	1022	47	102	253	507	1036
TAU		-1	-1	-2	0	-14	-1	-3	3	0	30	-1	-1	0	1	18	-1	1	3	-6	5	0	-2	6	1	12	0	0	5	1	24	1	-1	-6	-9	0	-1	-2	-3	-1	-15	-1	-1	-1	0	-17	-2	0	-1	0	16
CREB1		678	1372	3482	3477	2830	673	1361	3434	3467	2851	598	1207	3044	3576	3037	654	1300	3291	3568	3022	669	1317	3343	3531	2922	603	1189	2983	3517	2818	490	979	2459	3668	3276	615	1243	3113	3559	3059	590	1192	2966	3598	3103	578	1160	2917	3534	2980
NCF1		768	1538	3715	3334	2569	689	1399	3523	3315	2532	606	1208	3048	3463	2741	659	1309	3279	3431	2798	704	1405	3525	3329	2570	639	1247	3150	3359	2636	459	921	2350	3570	3050	657	1325	3349	3415	2752	616	1252	3151	3415	2680	578	1160	2936	3427	2743
CFTR		1630	3283	3508	2913	1801	1595	3226	3516	2928	1821	1552	3136	3571	3042	1981	1572	3149	3550	3080	2088	1561	3105	3552	3001	1907	1481	2938	3554	2972	1822	1365	2752	3618	3131	2135	1603	3218	3547	3024	1958	1490	3016	3548	2999	1896	1504	3005	3549	3028	2039
AKT1		1	-2	-3	-1	-6	-2	-1	-5	-7	-17	-1	-3	-1	-3	-4	-1	-2	-3	-8	-2	0	-1	0	-1	-7	0	0	-5	-6	-12	1	2	2	-1	1	1	2	-1	-3	-3	0	0	-3	-6	-11	-1	-1	-3	-4	-4
CA2D1		1	6	12	36	65	3	7	21	37	83	2	4	13	28	57	1	4	15	27	61	4	6	15	33	67	3	8	19	34	79	2	5	11	22	45	2	4	12	24	52	2	5	13	24	57	2	8	19	35	72
ELK1		-2	-2	-5	-10	-33	-3	-5	-10	-17	-41	-2	-4	-5	-10	-14	-2	-5	-8	-15	-30	-2	-3	-7	-13	-27	-2	-2	-11	-23	-41	-1	1	-3	-8	-11	-1	-2	-5	-10	-17	-1	-2	-7	-10	-20	0	-3	-8	-8	-24
H2B1B		88	179	458	922	1855	87	179	457	920	1838	56	111	284	564	1135	66	136	343	696	1386	99	191	489	989	1998	81	162	408	829	1660	40	84	213	421	848	76	148	382	750	1527	76	153	374	769	1542	78	158	402	804	1640
KIF2C		139	284	718	1442	2912	135	276	698	1411	2843	116	235	606	1212	2438	130	269	679	1370	2750	146	285	719	1466	2930	143	285	721	1454	2959	98	199	503	1003	2008	141	281	710	1410	2860	124	255	649	1297	2602	136	276	723	1447	2877
MP2K1		5	8	27	63	124	8	14	39	81	172	4	10	27	56	117	7	11	27	63	128	6	10	32	66	125	6	17	42	86	169	3	9	23	45	90	6	9	30	53	115	7	11	27	59	118	6	15	42	78	162
P53		0	1	4	6	20	0	2	1	6	5	0	2	4	10	22	1	2	7	11	23	1	1	1	7	13	1	2	4	8	7	1	2	5	9	17	2	1	5	8	23	0	1	4	6	19	4	2	4	7	19
RB		3	5	19	39	82	3	13	23	62	122	2	3	16	34	80	2	7	19	38	83	5	8	21	52	101	4	11	25	53	111	1	5	14	28	56	6	6	18	39	77	5	6	16	38	91	3	8	28	52	106
TLE2		-6	-14	-26	-54	-128	-6	-10	-29	-66	-133	-4	-8	-23	-38	-80	-7	-12	-24	-61	-124	-3	-14	-28	-48	-97	-5	-10	-27	-56	-107	-4	-5	-16	-37	-66	-4	-6	-22	-43	-83	-7	-13	-36	-69	-134	-6	-11	-25	-61	-119
DESP		456	946	2406	3595	3084	489	990	2525	3553	3009	382	745	1889	3683	3254	410	833	2068	3663	3242	500	986	2521	3566	3014	465	928	2342	3556	3038	270	558	1365	2747	3432	434	860	2160	3650	3182	436	856	2155	3628	3175	407	820	2119	3604	3140
NFKB1		359	726	1820	3568	3029	317	651	1640	3304	3017	254	523	1336	2654	3237	280	578	1446	2883	3166	343	683	1709	3435	3066	313	626	1569	3258	3041	183	383	957	1922	3436	296	605	1513	3049	3150	283	579	1453	2953	3142	252	510	1315	2593	3106
F263		1750	3502	3549	3041	1921	1647	3343	3556	3003	2088	1665	3334	3608	3115	2418	1603	3245	3620	3126	2181	1648	3272	3592	3097	2123	1538	3061	3588	3069	2035	1393	2814	3670	3259	2511	1711	3406	3577	3057	2128	1559	3148	3620	3148	2097	1602	3255	3579	3063	2038
ANDR		105	210	533	1054	2130	84	167	428	868	1745	69	144	365	731	1485	76	154	396	806	1597	108	203	515	1037	2090	93	186	471	950	1916	43	87	218	443	888	78	162	414	842	1688	82	167	443	868	1733	75	149	381	782	1566
CD27		10	16	51	96	197	14	29	73	151	295	5	15	38	78	163	9	14	41	79	163	8	15	46	94	196	14	26	69	140	287	7	13	36	74	153	9	15	43	90	175	9	19	45	92	189	14	26	68	138	281
ERBB2		115	234	596	1187	2428	105	222	556	1100	2223	114	227	583	1153	2314	131	257	658	1315	2626	118	229	582	1164	2371	110	216	554	1111	2238	88	181	463	930	1860	131	256	654	1309	2647	105	214	541	1093	2174	110	221	558	1125	2268
H32		15	32	81	167	332	22	47	110	229	460	13	27	69	145	282	15	27	72	149	297	14	30	77	156	307	21	44	109	224	450	12	24	57	112	228	15	26	70	141	289	16	28	70	146	299	21	42	101	209	417
KPCB		172	355	899	1808	3612	165	345	874	1762	3553	124	257	649	1303	2618	158	325	832	1675	3353	181	356	899	1816	3620	163	341	846	1717	3448	86	170	442	879	1769	166	337	857	1700	3446	144	291	735	1460	2947	159	328	820	1659	3306
MPH6		-1	-1	-4	-4	-6	-1	0	-3	-2	-5	0	1	0	-3	-4	0	-3	-1	2	-2	1	-1	0	-2	-4	1	-3	-2	-3	-5	0	0	1	1	0	-1	-3	-3	-8	-11	0	-1	-1	-2	-3	1	1	-2	-4	-2
P53		3	6	19	34	74	6	11	30	60	127	3	9	16	34	66	3	5	15	31	55	3	5	15	34	67	7	11	23	59	115	3	4	14	27	63	3	6	18	36	69	4	9	19	41	83	5	11	25	54	106
RB		1	8	14	36	69	4	7	28	60	120	3	6	13	24	41	2	4	15	29	72	5	5	19	36	82	3	8	19	41	83	1	4	6	20	38	1	5	15	26	66	-1	8	15	34	46	3	9	19	40	89
TOP2A		999	1990	3759	3394	2706	966	1941	3753	3400	2710	893	1774	3798	3497	2874	897	1807	3815	3534	2933	954	1908	3777	3456	2783	897	1788	3769	3423	2752	680	1380	3535	3626	3169	936	1878	3792	3491	2866	865	1758	3786	3475	2840	836	1736	3787	3476	2836
E1A		329	673	1698	3397	3121	303	615	1531	3081	3096	266	532	1330	2672	3287	290	578	1458	2924	3265	330	647	1658	3310	3163	286	576	1438	2893	3100	210	424	1069	2138	3448	282	563	1423	2870	3258	285	579	1466	2934	3244	253	515	1298	2615	3200
PLM		242	492	1228	2456	3202	211	441	1094	2220	3177	153	307	786	1558	3138	181	362	927	1868	3315	253	497	1248	2519	3203	222	436	1109	2237	3178	100	193	486	972	1943	195	390	977	1960	3307	200	415	1039	2077	3283	174	353	902	1793	3253
KAP3		869	1750	3732	3372	2664	820	1656	3736	3363	2619	737	1496	3683	3481	2868	759	1522	3801	3496	2884	850	1675	3753	3409	2719	766	1541	3757	3431	2728	632	1263	3164	3581	3082	751	1534	3795	3474	2828	761	1535	3778	3463	2849	711	1461	3664	3436	2792
ANXA1		39	77	200	393	807	36	74	189	377	746	18	40	95	189	393	26	49	126	246	494	43	87	221	446	875	40	79	207	416	836	11	27	56	115	260	24	51	123	248	525	29	62	150	318	642	30	61	146	303	590
CDC2		0	1	5	6	40	0	1	5	12	25	0	3	8	9	21	1	0	4	9	27	0	2	5	15	36	3	2	6	14	37	0	3	4	11	19	2	2	3	11	31	2	3	4	8	20	2	3	6	13	40
ERF		6	12	38	74	149	8	14	39	77	157	5	7	21	33	69	3	8	20	41	86	9	16	42	80	165	8	15	38	79	163	1	3	10	23	38	3	7	18	41	84	6	9	26	57	106	7	14	30	66	130
IF4E		1	5	16	39	74	6	9	21	48	101	3	7	15	23	59	3	6	15	35	63	4	7	16	30	67	5	11	26	51	100	3	6	14	26	48	4	7	11	28	59	2	8	17	30	66	5	7	22	49	92
KPCB		0	3	6	15	34	1	3	9	15	44	1	3	6	12	29	4	4	7	14	27	1	2	6	9	24	2	3	7	18	40	1	3	4	8	14	0	2	4	8	31	2	2	5	12	28	2	4	6	18	41
MPIP1		4	8	24	50	102	7	13	31	64	119	4	7	22	42	85	3	9	23	48	101	4	10	23	48	94	5	10	27	56	116	3	7	14	31	68	4	10	18	46	90	5	9	24	45	93	6	12	29	61	122
PDE5A		9	16	44	87	176	5	15	31	67	136	1	4	14	26	54	3	7	17	40	79	10	19	50	97	193	9	13	42	79	157	1	3	8	13	26	4	8	18	41	91	6	9	24	56	105	6	10	24	51	102
RB		-2	0	0	-10	13	-3	1	0	-3	-3	0	-1	-2	1	4	-1	0	-5	-2	2	-1	0	1	-5	-7	-2	-2	-1	-3	-25	-1	-3	-5	-4	-12	-1	-3	-6	-4	-6	0	-3	3	-10	-12	-1	-5	-10	-8	-12
VASP		892	1818	3773	3404	2705	835	1703	3767	3427	2750	721	1416	3577	3535	2964	737	1489	3736	3509	2997	865	1713	3784	3464	2830	804	1601	3764	3435	2770	515	1025	2597	3680	3246	759	1528	3796	3505	2900	740	1473	3745	3497	2891	688	1411	3561	3530	2878
EPB42		745	1493	3738	3358	2616	720	1451	3645	3359	2602	598	1184	2999	3487	2865	653	1332	3350	3470	2852	736	1458	3664	3382	2628	683	1354	3411	3362	2729	471	950	2386	3603	3112	645	1287	3233	3478	2848	629	1297	3274	3454	2823	603	1236	3097	3442	2765
PTN12		736	1502	3762	3418	2687	744	1506	3742	3378	2648	721	1437	3610	3454	2785	747	1492	3747	3446	2808	755	1494	3753	3402	2703	681	1346	3405	3417	2710	593	1177	2987	3582	3073	742	1489	3761	3436	2795	665	1337	3377	3441	2791	620	1264	3216	3434	2773
KCNA6		1214	2434	3643	3146	2250	1174	2362	3639	3151	2199	1135	2275	3673	3234	2396	1114	2236	3691	3276	2468	1197	2372	3658	3204	2323	1119	2233	3644	3177	2357	906	1793	3747	3395	2710	1168	2369	3685	3257	2430	1066	2127	3682	3267	2435	1022	2070	3678	3252	2379
pVASP		1034	2096	3787	3462	2820	1067	2140	3754	3399	2887	1178	2364	3754	3411	2724	1099	2207	3778	3464	2839	1037	2059	3792	3509	2909	1026	2032	3763	3431	2733	1007	2038	3803	3517	2911	1049	2088	3788	3501	2863	997	2013	3790	3498	2896	990	2037	3776	3450	2894
CDK7		1	2	13	28	49	0	0	7	25	46	-1	5	8	32	71	3	4	9	21	36	3	5	16	23	50	1	3	18	30	41	2	3	6	14	35	1	2	9	22	63	-1	3	9	24	44	3	5	12	29	72
ESR1		116	225	570	1158	2320	101	202	521	1050	2103	99	208	522	1047	2103	104	208	527	1073	2144	107	211	537	1082	2176	100	198	513	1022	2073	68	141	356	708	1420	97	199	514	1016	2042	94	191	485	988	1958	91	185	468	940	1869
IKBA		1	-1	-1	1	-7	0	-2	0	-3	-7	1	1	-1	-2	-5	2	0	0	1	4	0	-1	-3	-2	2	1	1	-1	0	0	-1	0	-2	-1	-1	-1	0	1	-2	-4	-1	-1	-2	-1	-2	-1	0	0	2	0
KS6A1		4	6	16	40	91	3	9	18	43	93	4	8	16	39	73	4	8	16	43	79	3	7	19	42	82	3	6	19	42	93	3	4	16	30	69	3	5	17	35	77	3	8	17	37	78	5	6	18	39	85
MPIP3		1	3	4	11	30	2	4	6	16	35	0	3	8	10	32	2	5	9	17	36	3	4	6	14	34	2	5	11	16	34	0	2	5	9	22	2	3	7	10	31	0	1	7	10	27	3	1	9	18	41
PDPK1		0	-3	-7	-12	-35	-3	-3	-12	-18	-45	-2	1	-3	-8	-14	0	0	-8	-11	-28	-3	-3	-11	-17	-35	-1	-5	-8	-20	-41	-1	-1	-4	-8	-13	-2	-3	-6	-13	-32	-1	-2	-5	-7	-19	-4	-3	-9	-17	-32
RB		4	3	9	26	65	3	4	15	36	63	2	6	13	27	60	3	6	11	27	69	3	5	15	31	62	4	4	14	34	68	1	4	11	20	42	3	5	16	29	68	3	2	14	25	56	2	5	15	33	63
VASP		-2	-5	-7	-8	-97	0	4	6	19	23	-1	-2	-13	-9	-15	-2	-2	-3	-30	-34	0	4	0	5	-2	-2	0	-4	-14	-17	-2	-4	-15	-26	-52	-3	-2	-4	-24	-18	1	-8	-13	-32	-72	-3	-2	-14	-23	0
GBRB2		1053	2089	3728	3340	2582	1082	2207	3704	3312	2628	991	1998	3746	3400	2781	1053	2130	3743	3377	2664	1051	2105	3742	3394	2668	984	1953	3748	3381	2688	846	1693	3797	3504	2898	992	2005	3770	3431	2792	931	1876	3766	3430	2869	943	1900	3743	3380	2668
PYGL		-7	-16	-31	-68	-162	-7	-10	-39	-81	-169	-5	-16	-46	-79	-148	-4	-13	-31	-73	-157	-6	-16	-49	-96	-192	-6	-11	-34	-68	-156	-5	-15	-38	-70	-142	-9	-21	-44	-87	-177	-9	-17	-29	-67	-140	-8	-15	-33	-85	-169
TY3H		1121	2248	3764	3417	2627	1016	2091	3750	3392	2651	944	1879	3777	3462	2866	997	1994	3788	3459	2822	1058	2080	3745	3395	2592	1002	1985	3768	3388	2583	764	1543	3841	3578	3047	969	1933	3790	3490	2862	948	1923	3765	3439	2770	857	1740	3766	3429	2764
