BioNavigator Version	6.3.67.0	PamGrid Version	QuantitationType	Median_SigmBg	Protocol file name	preprocessingDate	Fri, 21 Jul 2023 12:14:40 GMT
	Exposure time	5.0	10.0	25.0	50.0	100.0	5.0	10.0	25.0	50.0	100.0	5.0	10.0	25.0	50.0	100.0	5.0	10.0	25.0	50.0	100.0	5.0	10.0	25.0	50.0	100.0	5.0	10.0	25.0	50.0	100.0	5.0	10.0	25.0	50.0	100.0	5.0	10.0	25.0	50.0	100.0	5.0	10.0	25.0	50.0	100.0	5.0	10.0	25.0	50.0	100.0	5.0	10.0	25.0	50.0	100.0	5.0	10.0	25.0	50.0	100.0
	Cycle	124	124	124	124	124	124	124	124	124	124	124	124	124	124	124	124	124	124	124	124	124	124	124	124	124	124	124	124	124	124	124	124	124	124	124	124	124	124	124	124	124	124	124	124	124	124	124	124	124	124	124	124	124	124	124	124	124	124	124	124
	Barcode	710429119	710429119	710429119	710429119	710429119	710429119	710429119	710429119	710429119	710429119	710429119	710429119	710429119	710429119	710429119	710429119	710429119	710429119	710429119	710429119	710429120	710429120	710429120	710429120	710429120	710429120	710429120	710429120	710429120	710429120	710429120	710429120	710429120	710429120	710429120	710429120	710429120	710429120	710429120	710429120	710429121	710429121	710429121	710429121	710429121	710429121	710429121	710429121	710429121	710429121	710429121	710429121	710429121	710429121	710429121	710429121	710429121	710429121	710429121	710429121
	PamChip Location	1	1	1	1	1	1	1	1	1	1	1	1	1	1	1	1	1	1	1	1	2	2	2	2	2	2	2	2	2	2	2	2	2	2	2	2	2	2	2	2	3	3	3	3	3	3	3	3	3	3	3	3	3	3	3	3	3	3	3	3
	Visual QC	OK	OK	OK	OK	OK	OK	OK	OK	OK	OK	OK	OK	OK	OK	OK	OK	OK	OK	OK	OK	OK	OK	OK	OK	OK	OK	OK	OK	OK	OK	OK	OK	OK	OK	OK	OK	OK	OK	OK	OK	OK	OK	OK	OK	OK	OK	OK	OK	OK	OK	OK	OK	OK	OK	OK	OK	OK	OK	OK	OK
	Array	A1	A1	A1	A1	A1	A2	A2	A2	A2	A2	A3	A3	A3	A3	A3	A4	A4	A4	A4	A4	A1	A1	A1	A1	A1	A2	A2	A2	A2	A2	A3	A3	A3	A3	A3	A4	A4	A4	A4	A4	A1	A1	A1	A1	A1	A2	A2	A2	A2	A2	A3	A3	A3	A3	A3	A4	A4	A4	A4	A4
	Sample name	Male_VEH	Male_VEH	Male_VEH	Male_VEH	Male_VEH	Male_INS	Male_INS	Male_INS	Male_INS	Male_INS	Female_VEH	Female_VEH	Female_VEH	Female_VEH	Female_VEH	Female_INS	Female_INS	Female_INS	Female_INS	Female_INS	Male_VEH	Male_VEH	Male_VEH	Male_VEH	Male_VEH	Male_INS	Male_INS	Male_INS	Male_INS	Male_INS	Female_VEH	Female_VEH	Female_VEH	Female_VEH	Female_VEH	Female_INS	Female_INS	Female_INS	Female_INS	Female_INS	Male_VEH	Male_VEH	Male_VEH	Male_VEH	Male_VEH	Male_INS	Male_INS	Male_INS	Male_INS	Male_INS	Female_VEH	Female_VEH	Female_VEH	Female_VEH	Female_VEH	Female_INS	Female_INS	Female_INS	Female_INS	Female_INS
ID
#REF		42.0	85.0	211.0	431.0	875.0	42.0	85.0	212.0	430.0	850.0	39.0	78.0	204.0	409.0	810.0	42.0	85.0	212.0	429.0	867.0	43.0	88.0	217.0	453.0	908.0	39.0	77.0	203.0	411.0	810.0	36.0	78.0	202.0	406.0	809.0	43.0	82.0	215.0	434.0	846.0	42.0	81.0	201.0	401.0	819.0	39.0	80.0	203.0	414.0	834.0	39.0	77.0	202.0	406.0	800.0	40.0	82.0	208.0	416.0	846.0
#REF		48.0	100.0	253.0	512.0	1039.0	52.0	97.0	263.0	524.0	1065.0	47.0	95.0	232.0	475.0	944.0	48.0	98.0	247.0	501.0	1013.0	52.0	101.0	257.0	532.0	1062.0	49.0	96.0	257.0	514.0	1003.0	50.0	95.0	243.0	495.0	999.0	50.0	103.0	251.0	508.0	1038.0	46.0	97.0	245.0	493.0	1004.0	51.0	98.0	253.0	503.0	998.0	47.0	95.0	237.0	485.0	954.0	50.0	97.0	242.0	499.0	1006.0
#REF		51.0	102.0	255.0	525.0	1046.0	49.0	97.0	264.0	519.0	1045.0	48.0	91.0	243.0	479.0	957.0	48.0	97.0	247.0	494.0	1010.0	52.0	105.0	267.0	521.0	1073.0	52.0	98.0	252.0	498.0	1013.0	48.0	93.0	237.0	480.0	963.0	51.0	98.0	249.0	499.0	1001.0	50.0	100.0	247.0	493.0	1003.0	49.0	100.0	249.0	488.0	983.0	47.0	94.0	238.0	490.0	968.0	47.0	95.0	245.0	510.0	1002.0
#REF		52.0	110.0	261.0	553.0	1076.0	51.0	102.0	258.0	521.0	1049.0	48.0	95.0	244.0	496.0	996.0	49.0	98.0	257.0	528.0	1050.0	53.0	105.0	274.0	548.0	1108.0	50.0	101.0	255.0	527.0	1037.0	50.0	101.0	247.0	505.0	1000.0	52.0	98.0	261.0	508.0	1062.0	51.0	102.0	258.0	529.0	1017.0	54.0	98.0	262.0	519.0	1031.0	48.0	91.0	246.0	496.0	990.0	49.0	99.0	253.0	505.0	1007.0
#REF		54.0	104.0	268.0	542.0	1083.0	51.0	101.0	267.0	537.0	1091.0	50.0	93.0	243.0	502.0	1005.0	51.0	107.0	267.0	543.0	1081.0	59.0	109.0	279.0	562.0	1121.0	54.0	108.0	274.0	553.0	1095.0	52.0	108.0	272.0	542.0	1098.0	52.0	106.0	269.0	546.0	1097.0	49.0	105.0	260.0	520.0	1049.0	56.0	109.0	277.0	567.0	1132.0	53.0	105.0	264.0	542.0	1078.0	53.0	103.0	267.0	547.0	1075.0
#REF		53.0	104.0	268.0	538.0	1079.0	51.0	100.0	255.0	519.0	1046.0	48.0	96.0	244.0	504.0	1001.0	50.0	104.0	256.0	529.0	1061.0	54.0	111.0	272.0	554.0	1106.0	55.0	101.0	261.0	538.0	1066.0	50.0	104.0	267.0	533.0	1086.0	51.0	102.0	262.0	537.0	1065.0	50.0	99.0	251.0	508.0	1018.0	55.0	107.0	269.0	540.0	1114.0	49.0	102.0	257.0	526.0	1056.0	51.0	104.0	262.0	527.0	1055.0
#REF		47.0	94.0	242.0	495.0	987.0	43.0	91.0	234.0	466.0	935.0	43.0	85.0	224.0	444.0	895.0	45.0	94.0	234.0	469.0	943.0	50.0	98.0	244.0	496.0	988.0	45.0	95.0	236.0	481.0	963.0	50.0	97.0	242.0	487.0	974.0	43.0	94.0	234.0	481.0	951.0	47.0	93.0	230.0	458.0	917.0	49.0	92.0	252.0	498.0	1005.0	48.0	92.0	229.0	479.0	945.0	47.0	95.0	244.0	486.0	955.0
#REF		57.0	108.0	276.0	562.0	1134.0	49.0	103.0	263.0	529.0	1047.0	48.0	98.0	255.0	510.0	1018.0	49.0	99.0	252.0	515.0	1043.0	53.0	109.0	278.0	553.0	1121.0	54.0	110.0	278.0	543.0	1101.0	56.0	104.0	264.0	540.0	1073.0	50.0	103.0	260.0	527.0	1050.0	52.0	103.0	257.0	524.0	1049.0	55.0	107.0	276.0	575.0	1155.0	54.0	106.0	285.0	566.0	1143.0	51.0	104.0	264.0	535.0	1066.0
pTY3H_64_78		688.0	1397.0	3422.0	3693.0	3269.0	640.0	1263.0	3211.0	3704.0	3336.0	515.0	1039.0	2644.0	3744.0	3414.0	567.0	1156.0	2939.0	3690.0	3275.0	553.0	1117.0	2821.0	3721.0	3415.0	600.0	1191.0	2977.0	3736.0	3357.0	500.0	999.0	2517.0	3748.0	3366.0	481.0	970.0	2418.0	3702.0	3297.0	504.0	1001.0	2526.0	3787.0	3481.0	557.0	1124.0	2853.0	3751.0	3398.0	479.0	975.0	2443.0	3768.0	3413.0	443.0	908.0	2297.0	3726.0	3349.0
ATF2_47_59		-4.0	-6.0	-8.0	-13.0	-30.0	0.0	-5.0	-6.0	-9.0	-28.0	-3.0	-3.0	-7.0	-11.0	-30.0	-2.0	-3.0	-2.0	-10.0	-7.0	-3.0	-4.0	-7.0	-11.0	-27.0	-1.0	-6.0	-8.0	-19.0	-40.0	-2.0	0.0	-9.0	-8.0	-20.0	-2.0	-3.0	-1.0	-10.0	-12.0	-1.0	-2.0	-7.0	-20.0	-46.0	-3.0	-2.0	-6.0	-11.0	-29.0	-1.0	-5.0	-7.0	-18.0	-38.0	-2.0	-3.0	-9.0	-16.0	-33.0
CDN1A_139_151		847.0	1715.0	3849.0	3616.0	3123.0	717.0	1439.0	3662.0	3688.0	3259.0	723.0	1459.0	3690.0	3653.0	3193.0	744.0	1504.0	3803.0	3617.0	3139.0	698.0	1378.0	3492.0	3658.0	3222.0	709.0	1418.0	3535.0	3674.0	3243.0	708.0	1415.0	3547.0	3661.0	3205.0	672.0	1352.0	3361.0	3615.0	3107.0	556.0	1098.0	2776.0	3753.0	3427.0	656.0	1315.0	3329.0	3698.0	3273.0	662.0	1343.0	3402.0	3680.0	3242.0	641.0	1303.0	3317.0	3639.0	3172.0
FIBA_569_581		2.0	4.0	8.0	20.0	47.0	0.0	2.0	9.0	23.0	49.0	2.0	4.0	11.0	26.0	52.0	2.0	8.0	17.0	30.0	83.0	3.0	5.0	12.0	19.0	52.0	1.0	5.0	13.0	31.0	51.0	1.0	2.0	13.0	30.0	58.0	3.0	8.0	18.0	42.0	87.0	1.0	1.0	10.0	23.0	47.0	-1.0	1.0	8.0	16.0	53.0	1.0	3.0	14.0	31.0	49.0	0.0	7.0	16.0	33.0	79.0
IKKB_173_185_C179A		-1.0	-3.0	0.0	-10.0	-20.0	1.0	-1.0	-5.0	-7.0	-19.0	-1.0	-3.0	-1.0	-2.0	-14.0	-1.0	-2.0	-3.0	-10.0	-24.0	0.0	0.0	-4.0	-8.0	-18.0	-1.0	0.0	-5.0	-6.0	-13.0	0.0	-3.0	-5.0	-7.0	-13.0	-1.0	-1.0	-7.0	-6.0	-18.0	-1.0	-2.0	-3.0	-8.0	-10.0	-2.0	-2.0	-7.0	-6.0	-10.0	-3.0	-2.0	-5.0	-4.0	-15.0	-3.0	-1.0	-2.0	-9.0	-15.0
LIPS_944_956		336.0	679.0	1706.0	3453.0	3506.0	285.0	568.0	1446.0	2886.0	3555.0	381.0	771.0	1949.0	3785.0	3456.0	358.0	722.0	1829.0	3660.0	3429.0	249.0	503.0	1254.0	2528.0	3608.0	308.0	612.0	1550.0	3132.0	3544.0	372.0	734.0	1849.0	3720.0	3470.0	331.0	661.0	1669.0	3351.0	3404.0	168.0	342.0	859.0	1709.0	3433.0	284.0	572.0	1446.0	2904.0	3560.0	280.0	568.0	1429.0	2872.0	3551.0	272.0	560.0	1406.0	2830.0	3448.0
MYBB_513_525		-2.0	-3.0	-10.0	-10.0	-24.0	-1.0	-4.0	-5.0	-8.0	-19.0	-4.0	-4.0	-7.0	-15.0	-22.0	-3.0	-4.0	-9.0	-16.0	-30.0	-2.0	0.0	-3.0	-9.0	-18.0	-3.0	-2.0	-10.0	-20.0	-30.0	-2.0	-3.0	-7.0	-18.0	-35.0	-3.0	-3.0	-8.0	-20.0	-49.0	-1.0	-3.0	-5.0	-9.0	-17.0	-2.0	-1.0	-7.0	-6.0	-22.0	-2.0	-2.0	-9.0	-8.0	-20.0	-3.0	-4.0	-10.0	-14.0	-24.0
PLEK_106_118		189.0	389.0	965.0	1943.0	3639.0	186.0	371.0	939.0	1908.0	3657.0	167.0	338.0	868.0	1735.0	3477.0	180.0	376.0	944.0	1895.0	3548.0	156.0	315.0	802.0	1609.0	3229.0	181.0	365.0	918.0	1842.0	3637.0	173.0	343.0	865.0	1723.0	3473.0	179.0	359.0	903.0	1800.0	3539.0	124.0	245.0	631.0	1256.0	2530.0	178.0	365.0	926.0	1848.0	3644.0	149.0	302.0	768.0	1551.0	3100.0	159.0	323.0	829.0	1660.0	3302.0
RBL2_632_644		-2.0	-1.0	-2.0	-5.0	-6.0	-1.0	-1.0	-6.0	-9.0	-12.0	-2.0	-2.0	-4.0	-5.0	-13.0	-1.0	0.0	-2.0	-2.0	-9.0	0.0	-1.0	-1.0	-4.0	-8.0	0.0	-2.0	-3.0	-10.0	-12.0	2.0	1.0	0.0	0.0	-6.0	1.0	0.0	-1.0	3.0	-8.0	0.0	-2.0	-1.0	-6.0	-6.0	-2.0	-2.0	-6.0	-6.0	-9.0	-1.0	-1.0	0.0	-1.0	-3.0	-2.0	-2.0	-1.0	-6.0	-9.0
VIGLN_289_301		-1.0	1.0	-8.0	3.0	-12.0	0.0	-2.0	-4.0	1.0	-16.0	-3.0	-4.0	-6.0	-5.0	-24.0	-2.0	-2.0	-7.0	-18.0	-25.0	-1.0	0.0	-4.0	-5.0	-7.0	-1.0	-6.0	-7.0	-14.0	-32.0	-2.0	-2.0	-2.0	-13.0	-9.0	-4.0	-4.0	-7.0	-25.0	-33.0	-3.0	-3.0	-4.0	-3.0	-8.0	-2.0	0.0	-6.0	-3.0	-14.0	-2.0	-1.0	-2.0	-8.0	-26.0	-3.0	-5.0	-14.0	-19.0	-11.0
GRIK2_708_720		1511.0	3051.0	3703.0	3294.0	2501.0	1380.0	2770.0	3723.0	3362.0	2609.0	1366.0	2796.0	3722.0	3360.0	2671.0	1430.0	2877.0	3715.0	3269.0	2535.0	1275.0	2557.0	3750.0	3382.0	2727.0	1314.0	2650.0	3753.0	3389.0	2690.0	1316.0	2629.0	3716.0	3342.0	2625.0	1293.0	2580.0	3700.0	3289.0	2471.0	1036.0	2083.0	3806.0	3492.0	2930.0	1306.0	2596.0	3734.0	3369.0	2687.0	1211.0	2432.0	3754.0	3406.0	2710.0	1232.0	2528.0	3697.0	3285.0	2465.0
RADI_559_569		-12.0	-13.0	-39.0	-73.0	-136.0	-4.0	-10.0	-34.0	-23.0	-49.0	-7.0	-12.0	-36.0	-69.0	-141.0	-2.0	-8.0	-28.0	-66.0	-114.0	-4.0	-10.0	-18.0	-46.0	-106.0	-5.0	-11.0	-22.0	-88.0	-40.0	-4.0	-6.0	-31.0	-58.0	-183.0	-6.0	-8.0	-25.0	-14.0	-113.0	-4.0	-7.0	-8.0	-28.0	-60.0	-4.0	-10.0	-31.0	-69.0	-46.0	-2.0	-5.0	-20.0	-46.0	-34.0	-3.0	-6.0	-13.0	-33.0	-37.0
ACM1_421_433		2.0	4.0	15.0	37.0	79.0	3.0	4.0	12.0	40.0	75.0	2.0	6.0	13.0	30.0	74.0	3.0	6.0	24.0	54.0	107.0	1.0	5.0	13.0	31.0	71.0	2.0	4.0	15.0	44.0	86.0	4.0	4.0	15.0	34.0	76.0	5.0	9.0	24.0	53.0	113.0	2.0	5.0	10.0	24.0	65.0	3.0	4.0	16.0	40.0	78.0	2.0	4.0	15.0	34.0	75.0	4.0	6.0	19.0	45.0	88.0
ATM_1972_1984		-3.0	-2.0	-8.0	-14.0	-32.0	-4.0	-5.0	-6.0	-14.0	-26.0	0.0	-2.0	-8.0	-16.0	-27.0	-2.0	-5.0	-9.0	-17.0	-36.0	-1.0	-1.0	-7.0	-13.0	-22.0	-2.0	-2.0	-8.0	-20.0	-32.0	-2.0	-4.0	-5.0	-13.0	-23.0	-2.0	-5.0	-9.0	-18.0	-35.0	0.0	0.0	-4.0	-7.0	-15.0	-1.0	-1.0	-5.0	-12.0	-23.0	-2.0	-3.0	-7.0	-13.0	-21.0	-2.0	-3.0	-9.0	-9.0	-32.0
CDN1B_151_163		-2.0	-3.0	-4.0	-6.0	-6.0	0.0	-4.0	-6.0	-12.0	-21.0	-1.0	-2.0	-4.0	-9.0	-17.0	-1.0	-4.0	-4.0	-11.0	-15.0	-1.0	-1.0	-3.0	-6.0	-4.0	-1.0	-1.0	-2.0	-13.0	-21.0	-2.0	-3.0	-6.0	-12.0	-17.0	0.0	-3.0	-5.0	-12.0	-26.0	-1.0	0.0	-5.0	-4.0	-5.0	-1.0	-4.0	-7.0	-7.0	-28.0	-1.0	-2.0	-3.0	-9.0	-21.0	0.0	-3.0	-8.0	-10.0	-17.0
FOXO3_25_37		11.0	22.0	57.0	113.0	234.0	13.0	17.0	57.0	108.0	228.0	8.0	19.0	48.0	96.0	193.0	16.0	25.0	72.0	142.0	293.0	10.0	21.0	49.0	99.0	202.0	12.0	20.0	56.0	114.0	231.0	12.0	20.0	52.0	108.0	215.0	12.0	30.0	69.0	146.0	285.0	9.0	18.0	42.0	87.0	177.0	11.0	19.0	48.0	104.0	212.0	10.0	19.0	55.0	109.0	218.0	13.0	26.0	65.0	140.0	273.0
IKKB_686_698		-1.0	-8.0	-12.0	-20.0	-42.0	-1.0	-3.0	-10.0	-18.0	-42.0	-2.0	-3.0	-9.0	-19.0	-44.0	-3.0	-7.0	-11.0	-26.0	-65.0	-1.0	-2.0	-8.0	-13.0	-28.0	-1.0	-2.0	-8.0	-17.0	-42.0	-1.0	-6.0	-9.0	-19.0	-43.0	-2.0	-6.0	-11.0	-23.0	-52.0	0.0	-2.0	-6.0	-8.0	-22.0	-1.0	-4.0	-10.0	-17.0	-42.0	-3.0	-4.0	-7.0	-16.0	-35.0	-2.0	-5.0	-10.0	-22.0	-45.0
LMNA_192_204		0.0	-1.0	0.0	-5.0	-6.0	2.0	-1.0	-3.0	-3.0	-10.0	0.0	0.0	-2.0	-4.0	-6.0	-1.0	-1.0	-2.0	-2.0	-11.0	0.0	1.0	-1.0	-4.0	-5.0	-1.0	-1.0	-6.0	-3.0	-4.0	-1.0	-2.0	-1.0	-4.0	0.0	-1.0	-3.0	-5.0	-12.0	-10.0	0.0	-1.0	0.0	-3.0	-5.0	1.0	-2.0	-3.0	-4.0	-3.0	0.0	-2.0	-2.0	0.0	-3.0	-2.0	-3.0	-3.0	-7.0	-24.0
MYC_51_63		2.0	-2.0	-4.0	-9.0	-8.0	2.0	-1.0	-3.0	-6.0	-4.0	0.0	0.0	-1.0	-4.0	-6.0	-1.0	-3.0	-4.0	-5.0	-19.0	0.0	1.0	2.0	-1.0	-5.0	-2.0	-1.0	-4.0	-6.0	-6.0	0.0	-1.0	-4.0	-8.0	-16.0	-3.0	-4.0	-3.0	-13.0	-24.0	0.0	-2.0	-1.0	-2.0	-4.0	0.0	-3.0	-3.0	-5.0	-10.0	1.0	-1.0	-1.0	-4.0	-11.0	-1.0	-3.0	-5.0	-7.0	-18.0
PP2AB_297_309		0.0	2.0	10.0	16.0	30.0	1.0	4.0	7.0	18.0	37.0	2.0	2.0	8.0	11.0	22.0	1.0	3.0	9.0	19.0	29.0	3.0	1.0	6.0	11.0	10.0	2.0	1.0	9.0	12.0	39.0	3.0	3.0	8.0	14.0	32.0	2.0	3.0	8.0	18.0	34.0	1.0	4.0	0.0	9.0	13.0	2.0	2.0	4.0	15.0	29.0	0.0	1.0	5.0	8.0	15.0	4.0	2.0	10.0	24.0	52.0
RBL2_655_667		19.0	35.0	92.0	197.0	393.0	22.0	36.0	97.0	197.0	397.0	21.0	43.0	103.0	205.0	407.0	22.0	41.0	109.0	225.0	445.0	21.0	37.0	92.0	185.0	381.0	19.0	37.0	97.0	196.0	403.0	17.0	37.0	92.0	189.0	380.0	22.0	41.0	107.0	222.0	440.0	11.0	23.0	61.0	125.0	261.0	23.0	40.0	108.0	208.0	428.0	17.0	35.0	85.0	167.0	345.0	20.0	40.0	101.0	215.0	444.0
YAP1_121_133		-4.0	-7.0	-22.0	-44.0	-86.0	-4.0	-3.0	-21.0	-31.0	-87.0	-2.0	-8.0	-19.0	-43.0	-65.0	0.0	-10.0	-21.0	-44.0	-96.0	-1.0	-3.0	-13.0	-40.0	-91.0	-3.0	-5.0	-15.0	-29.0	-52.0	-3.0	-10.0	-9.0	-23.0	-58.0	-5.0	-6.0	-17.0	-35.0	-67.0	-2.0	-4.0	-11.0	-29.0	-51.0	-2.0	-3.0	-11.0	-15.0	-40.0	0.0	-6.0	-13.0	-37.0	-73.0	-2.0	-4.0	-18.0	-36.0	-66.0
KAP2_92_104		436.0	869.0	2238.0	3671.0	3259.0	408.0	810.0	2087.0	3677.0	3249.0	460.0	944.0	2343.0	3649.0	3202.0	437.0	877.0	2213.0	3620.0	3137.0	356.0	718.0	1805.0	3644.0	3305.0	414.0	823.0	2077.0	3678.0	3336.0	437.0	867.0	2203.0	3643.0	3190.0	403.0	807.0	2038.0	3623.0	3128.0	318.0	651.0	1641.0	3255.0	3404.0	396.0	810.0	2014.0	3705.0	3300.0	403.0	823.0	2096.0	3684.0	3259.0	381.0	784.0	1949.0	3654.0	3188.0
RS6_228_240		806.0	1617.0	3824.0	3543.0	2967.0	746.0	1495.0	3771.0	3592.0	3087.0	789.0	1593.0	3808.0	3540.0	2979.0	764.0	1545.0	3793.0	3500.0	2882.0	666.0	1319.0	3347.0	3630.0	3135.0	724.0	1454.0	3653.0	3611.0	3114.0	761.0	1499.0	3798.0	3560.0	2992.0	715.0	1408.0	3526.0	3511.0	2938.0	493.0	1003.0	2520.0	3715.0	3312.0	680.0	1370.0	3441.0	3610.0	3109.0	665.0	1345.0	3397.0	3614.0	3145.0	657.0	1322.0	3344.0	3538.0	2982.0
ACM1_444_456		5.0	10.0	18.0	47.0	88.0	5.0	6.0	16.0	41.0	87.0	3.0	7.0	20.0	41.0	83.0	6.0	12.0	25.0	64.0	131.0	4.0	9.0	19.0	36.0	81.0	3.0	9.0	21.0	45.0	89.0	6.0	6.0	25.0	44.0	82.0	4.0	14.0	36.0	69.0	144.0	2.0	7.0	17.0	35.0	75.0	6.0	8.0	22.0	46.0	92.0	2.0	7.0	24.0	39.0	95.0	6.0	12.0	33.0	64.0	137.0
BAD_112_124		261.0	525.0	1306.0	2695.0	3578.0	230.0	470.0	1172.0	2345.0	3620.0	320.0	641.0	1624.0	3222.0	3509.0	288.0	597.0	1495.0	3004.0	3461.0	209.0	423.0	1058.0	2136.0	3627.0	240.0	483.0	1240.0	2466.0	3580.0	309.0	614.0	1523.0	3085.0	3507.0	288.0	581.0	1462.0	2938.0	3447.0	132.0	267.0	660.0	1336.0	2659.0	250.0	502.0	1266.0	2548.0	3598.0	264.0	524.0	1348.0	2725.0	3597.0	260.0	531.0	1329.0	2725.0	3517.0
CENPA_1_14		121.0	249.0	631.0	1267.0	2553.0	114.0	231.0	600.0	1190.0	2388.0	118.0	233.0	592.0	1193.0	2419.0	123.0	250.0	649.0	1292.0	2594.0	100.0	206.0	520.0	1048.0	2113.0	121.0	242.0	614.0	1234.0	2483.0	113.0	232.0	567.0	1146.0	2340.0	119.0	239.0	606.0	1221.0	2454.0	72.0	146.0	372.0	752.0	1480.0	118.0	231.0	591.0	1204.0	2401.0	90.0	187.0	479.0	965.0	1933.0	104.0	206.0	538.0	1094.0	2178.0
FRAP_2443_2455		85.0	164.0	430.0	856.0	1729.0	79.0	159.0	411.0	828.0	1651.0	111.0	224.0	570.0	1146.0	2327.0	84.0	172.0	439.0	885.0	1753.0	66.0	133.0	336.0	688.0	1372.0	83.0	171.0	427.0	868.0	1740.0	104.0	212.0	535.0	1087.0	2189.0	84.0	173.0	437.0	868.0	1754.0	31.0	68.0	165.0	332.0	669.0	83.0	162.0	413.0	846.0	1699.0	78.0	157.0	398.0	812.0	1594.0	70.0	150.0	386.0	772.0	1539.0
K6PL_766_778		-2.0	0.0	2.0	2.0	0.0	-2.0	2.0	3.0	3.0	4.0	0.0	1.0	3.0	4.0	16.0	-1.0	1.0	2.0	2.0	10.0	0.0	0.0	0.0	4.0	9.0	0.0	-1.0	3.0	1.0	8.0	1.0	2.0	0.0	0.0	11.0	1.0	1.0	-1.0	5.0	-1.0	1.0	3.0	-1.0	2.0	1.0	0.0	0.0	0.0	2.0	1.0	0.0	0.0	2.0	2.0	11.0	2.0	1.0	6.0	7.0	15.0
LMNB1_16_28		1.0	1.0	6.0	16.0	31.0	1.0	1.0	9.0	24.0	48.0	2.0	3.0	9.0	15.0	30.0	2.0	6.0	17.0	31.0	64.0	2.0	2.0	4.0	11.0	29.0	2.0	5.0	14.0	28.0	54.0	1.0	4.0	9.0	15.0	34.0	1.0	8.0	13.0	32.0	60.0	-2.0	3.0	6.0	12.0	23.0	0.0	3.0	10.0	24.0	41.0	1.0	3.0	8.0	12.0	28.0	2.0	4.0	18.0	31.0	63.0
NEK2_172_184		2.0	3.0	4.0	16.0	32.0	1.0	2.0	10.0	23.0	40.0	2.0	7.0	7.0	19.0	36.0	1.0	5.0	12.0	27.0	45.0	0.0	6.0	6.0	17.0	36.0	1.0	3.0	6.0	19.0	36.0	3.0	2.0	7.0	14.0	29.0	1.0	3.0	9.0	15.0	51.0	-1.0	2.0	6.0	10.0	26.0	2.0	1.0	7.0	15.0	31.0	2.0	4.0	7.0	16.0	31.0	2.0	3.0	9.0	17.0	45.0
PPR1A_28_40		65.0	128.0	333.0	664.0	1314.0	64.0	125.0	325.0	660.0	1335.0	83.0	164.0	428.0	850.0	1710.0	76.0	160.0	410.0	819.0	1656.0	52.0	112.0	278.0	556.0	1130.0	65.0	134.0	348.0	689.0	1390.0	81.0	161.0	412.0	829.0	1660.0	77.0	149.0	378.0	782.0	1534.0	41.0	83.0	209.0	427.0	887.0	63.0	128.0	326.0	658.0	1302.0	67.0	130.0	342.0	694.0	1408.0	67.0	132.0	349.0	689.0	1387.0
RBL2_959_971		-4.0	-3.0	-4.0	-11.0	-25.0	-4.0	-3.0	-9.0	-18.0	-28.0	-2.0	-5.0	-14.0	-22.0	-25.0	-1.0	-3.0	-5.0	-18.0	-27.0	-2.0	-3.0	-8.0	-16.0	-39.0	-2.0	-4.0	-2.0	-14.0	-24.0	-2.0	-4.0	-3.0	-8.0	-14.0	-2.0	-5.0	-5.0	-20.0	-27.0	-2.0	-3.0	-6.0	-5.0	-9.0	-3.0	-2.0	-6.0	-12.0	-21.0	-4.0	-3.0	-10.0	-4.0	-31.0	-2.0	-3.0	-4.0	-10.0	-22.0
ADRB2_338_350		472.0	948.0	2374.0	3688.0	3280.0	425.0	852.0	2162.0	3739.0	3388.0	515.0	1043.0	2624.0	3664.0	3208.0	509.0	1035.0	2605.0	3619.0	3150.0	391.0	788.0	1965.0	3741.0	3386.0	422.0	858.0	2167.0	3717.0	3339.0	493.0	996.0	2490.0	3659.0	3197.0	459.0	916.0	2309.0	3619.0	3136.0	303.0	619.0	1558.0	3106.0	3526.0	419.0	831.0	2125.0	3744.0	3365.0	438.0	886.0	2248.0	3717.0	3341.0	440.0	882.0	2205.0	3673.0	3248.0
KCC2G_278_289		-3.0	-8.0	-18.0	-39.0	-75.0	-4.0	-5.0	-17.0	-26.0	-61.0	-4.0	-6.0	-19.0	-35.0	-77.0	-6.0	-8.0	-15.0	-32.0	-75.0	-3.0	-3.0	-16.0	-24.0	-49.0	-4.0	-6.0	-12.0	-28.0	-52.0	-5.0	-8.0	-20.0	-36.0	-75.0	-2.0	-6.0	-13.0	-27.0	-58.0	-2.0	-5.0	-12.0	-25.0	-47.0	-3.0	-8.0	-17.0	-26.0	-54.0	-5.0	-8.0	-15.0	-31.0	-67.0	-4.0	-7.0	-18.0	-36.0	-71.0
RYR1_4317_4329		309.0	616.0	1541.0	3120.0	3380.0	297.0	593.0	1506.0	3000.0	3369.0	326.0	670.0	1685.0	3386.0	3291.0	294.0	613.0	1533.0	3066.0	3258.0	261.0	525.0	1320.0	2639.0	3442.0	306.0	613.0	1559.0	3142.0	3415.0	313.0	627.0	1583.0	3187.0	3314.0	289.0	570.0	1448.0	2921.0	3272.0	194.0	394.0	988.0	1982.0	3562.0	293.0	584.0	1495.0	2970.0	3402.0	265.0	541.0	1372.0	2762.0	3421.0	242.0	515.0	1272.0	2566.0	3311.0
ACM4_456_468		3.0	7.0	19.0	45.0	82.0	2.0	7.0	15.0	34.0	66.0	3.0	5.0	18.0	34.0	75.0	4.0	9.0	23.0	47.0	104.0	1.0	6.0	17.0	38.0	72.0	4.0	8.0	16.0	41.0	85.0	4.0	8.0	18.0	37.0	74.0	5.0	8.0	26.0	46.0	98.0	2.0	6.0	17.0	32.0	60.0	4.0	10.0	16.0	38.0	78.0	3.0	7.0	17.0	31.0	70.0	2.0	7.0	21.0	38.0	85.0
BAD_69_81		4.0	15.0	34.0	69.0	138.0	6.0	15.0	35.0	73.0	144.0	10.0	20.0	46.0	97.0	204.0	10.0	16.0	52.0	108.0	215.0	4.0	13.0	30.0	67.0	133.0	7.0	14.0	37.0	76.0	152.0	10.0	19.0	53.0	102.0	205.0	10.0	19.0	47.0	96.0	198.0	4.0	7.0	19.0	46.0	87.0	7.0	17.0	35.0	79.0	152.0	8.0	15.0	38.0	74.0	147.0	9.0	18.0	44.0	88.0	173.0
COF1_17_29		8.0	16.0	39.0	83.0	157.0	7.0	12.0	35.0	75.0	158.0	18.0	39.0	95.0	194.0	380.0	15.0	31.0	83.0	165.0	353.0	6.0	13.0	28.0	62.0	131.0	6.0	18.0	44.0	94.0	192.0	18.0	40.0	104.0	210.0	419.0	18.0	35.0	87.0	182.0	362.0	3.0	5.0	15.0	24.0	62.0	8.0	21.0	48.0	84.0	192.0	8.0	21.0	59.0	116.0	242.0	10.0	25.0	58.0	118.0	246.0
FRAP_2475_2487		-1.0	-4.0	-7.0	-10.0	-25.0	0.0	-3.0	-5.0	-9.0	-23.0	-1.0	-2.0	-8.0	-8.0	-24.0	-1.0	-6.0	-9.0	-19.0	-37.0	-1.0	-2.0	-7.0	-10.0	-17.0	-1.0	-3.0	-8.0	-17.0	-27.0	-2.0	-4.0	-8.0	-19.0	-32.0	0.0	-1.0	-10.0	-15.0	-31.0	0.0	-1.0	-1.0	-7.0	-9.0	0.0	-1.0	-7.0	-9.0	-18.0	-2.0	0.0	-7.0	-12.0	-21.0	-1.0	-1.0	-5.0	-9.0	-20.0
KAPCG_192_206		2.0	5.0	11.0	27.0	61.0	4.0	6.0	15.0	27.0	63.0	2.0	7.0	16.0	35.0	67.0	4.0	10.0	18.0	41.0	77.0	1.0	4.0	13.0	29.0	53.0	2.0	6.0	13.0	27.0	66.0	0.0	5.0	14.0	27.0	57.0	3.0	7.0	20.0	41.0	79.0	1.0	1.0	11.0	14.0	40.0	3.0	5.0	15.0	32.0	61.0	-1.0	5.0	12.0	26.0	54.0	4.0	7.0	19.0	39.0	78.0
MARCS_152_164		4.0	10.0	26.0	58.0	122.0	4.0	11.0	28.0	56.0	113.0	5.0	9.0	22.0	53.0	104.0	8.0	18.0	42.0	91.0	184.0	5.0	9.0	22.0	51.0	110.0	4.0	11.0	25.0	57.0	116.0	4.0	12.0	28.0	61.0	131.0	11.0	16.0	43.0	97.0	175.0	3.0	9.0	21.0	43.0	88.0	5.0	12.0	27.0	58.0	117.0	6.0	12.0	29.0	62.0	128.0	9.0	19.0	45.0	87.0	185.0
NEK3_158_170		0.0	0.0	2.0	9.0	18.0	2.0	2.0	8.0	25.0	39.0	1.0	3.0	5.0	18.0	27.0	1.0	5.0	17.0	30.0	61.0	1.0	3.0	2.0	4.0	41.0	0.0	2.0	4.0	15.0	27.0	-1.0	4.0	12.0	16.0	-22.0	3.0	6.0	17.0	28.0	61.0	0.0	1.0	10.0	13.0	3.0	2.0	6.0	9.0	24.0	54.0	-2.0	3.0	1.0	-2.0	24.0	2.0	5.0	12.0	29.0	68.0
PRKDC_2618_2630		1.0	1.0	-1.0	6.0	-6.0	2.0	2.0	4.0	10.0	1.0	-3.0	-4.0	-2.0	-3.0	12.0	1.0	5.0	8.0	11.0	33.0	-1.0	1.0	6.0	-4.0	0.0	0.0	2.0	7.0	11.0	17.0	0.0	4.0	5.0	4.0	37.0	0.0	2.0	2.0	9.0	24.0	0.0	1.0	6.0	9.0	-2.0	0.0	2.0	3.0	7.0	0.0	0.0	1.0	-3.0	10.0	15.0	1.0	7.0	9.0	1.0	-6.0
REL_260_272		407.0	832.0	2068.0	3666.0	3296.0	349.0	701.0	1783.0	3557.0	3350.0	493.0	992.0	2479.0	3657.0	3189.0	465.0	948.0	2405.0	3636.0	3151.0	322.0	637.0	1598.0	3222.0	3423.0	359.0	721.0	1814.0	3627.0	3353.0	449.0	913.0	2298.0	3647.0	3225.0	431.0	857.0	2145.0	3615.0	3135.0	216.0	431.0	1098.0	2208.0	3568.0	370.0	734.0	1874.0	3711.0	3376.0	366.0	736.0	1863.0	3703.0	3323.0	345.0	726.0	1825.0	3613.0	3255.0
ART_025_CXGLRRWSLGGLRRWSL		771.0	1550.0	3791.0	3490.0	2877.0	663.0	1319.0	3364.0	3557.0	3020.0	746.0	1511.0	3752.0	3482.0	2852.0	774.0	1553.0	3769.0	3425.0	2765.0	606.0	1224.0	3067.0	3585.0	3060.0	641.0	1297.0	3273.0	3553.0	3059.0	726.0	1432.0	3668.0	3458.0	2828.0	705.0	1385.0	3522.0	3417.0	2801.0	471.0	940.0	2371.0	3683.0	3263.0	646.0	1293.0	3269.0	3557.0	3017.0	651.0	1312.0	3330.0	3527.0	2959.0	644.0	1318.0	3292.0	3486.0	2881.0
KCNA1_438_450		79.0	155.0	402.0	798.0	1614.0	80.0	155.0	405.0	815.0	1623.0	151.0	306.0	777.0	1556.0	3121.0	123.0	252.0	643.0	1275.0	2595.0	67.0	129.0	331.0	660.0	1336.0	93.0	184.0	467.0	921.0	1868.0	134.0	274.0	694.0	1397.0	2795.0	121.0	235.0	588.0	1195.0	2390.0	41.0	77.0	201.0	399.0	802.0	90.0	177.0	456.0	891.0	1819.0	89.0	177.0	459.0	911.0	1861.0	96.0	190.0	479.0	962.0	1961.0
SCN7A_898_910		429.0	867.0	2154.0	3683.0	3279.0	401.0	804.0	2015.0	3722.0	3319.0	509.0	1028.0	2605.0	3619.0	3125.0	484.0	968.0	2444.0	3601.0	3093.0	348.0	697.0	1765.0	3549.0	3405.0	415.0	828.0	2098.0	3723.0	3318.0	494.0	972.0	2486.0	3644.0	3176.0	458.0	913.0	2314.0	3635.0	3135.0	257.0	511.0	1288.0	2597.0	3532.0	409.0	803.0	2037.0	3710.0	3331.0	396.0	804.0	2023.0	3710.0	3306.0	399.0	816.0	2059.0	3658.0	3208.0
ACM5_494_506		14.0	26.0	71.0	147.0	309.0	10.0	23.0	61.0	133.0	259.0	12.0	24.0	70.0	132.0	277.0	16.0	35.0	85.0	177.0	359.0	12.0	24.0	69.0	139.0	278.0	14.0	27.0	69.0	147.0	299.0	13.0	26.0	77.0	151.0	301.0	18.0	38.0	94.0	198.0	388.0	10.0	22.0	62.0	127.0	250.0	16.0	32.0	75.0	152.0	311.0	13.0	26.0	70.0	144.0	300.0	17.0	34.0	87.0	184.0	355.0
BAD_93_105		11.0	21.0	54.0	116.0	227.0	9.0	20.0	48.0	100.0	212.0	9.0	18.0	59.0	114.0	234.0	11.0	26.0	78.0	143.0	319.0	11.0	20.0	59.0	121.0	230.0	8.0	21.0	55.0	102.0	221.0	11.0	22.0	60.0	116.0	240.0	16.0	30.0	77.0	156.0	327.0	8.0	18.0	46.0	97.0	193.0	10.0	24.0	59.0	121.0	245.0	10.0	21.0	55.0	110.0	224.0	11.0	24.0	72.0	137.0	282.0
CSF1R_701_713		664.0	1317.0	3301.0	3681.0	3272.0	543.0	1084.0	2742.0	3726.0	3358.0	670.0	1335.0	3378.0	3658.0	3202.0	640.0	1295.0	3279.0	3617.0	3165.0	517.0	1039.0	2612.0	3729.0	3376.0	551.0	1090.0	2802.0	3713.0	3300.0	661.0	1295.0	3294.0	3665.0	3202.0	607.0	1219.0	3063.0	3618.0	3156.0	357.0	718.0	1810.0	3692.0	3560.0	533.0	1084.0	2722.0	3738.0	3367.0	556.0	1114.0	2818.0	3719.0	3331.0	580.0	1170.0	2963.0	3642.0	3186.0
GPR6_349_361		68.0	136.0	345.0	709.0	1397.0	60.0	129.0	321.0	629.0	1271.0	97.0	196.0	515.0	1009.0	2038.0	78.0	158.0	412.0	834.0	1688.0	55.0	110.0	284.0	568.0	1129.0	69.0	138.0	361.0	726.0	1427.0	95.0	191.0	486.0	972.0	1957.0	84.0	166.0	419.0	845.0	1667.0	24.0	54.0	140.0	270.0	549.0	68.0	134.0	342.0	686.0	1383.0	70.0	139.0	346.0	707.0	1425.0	75.0	150.0	384.0	777.0	1564.0
KCNA2_442_454		117.0	231.0	591.0	1184.0	2374.0	111.0	215.0	550.0	1091.0	2190.0	155.0	318.0	815.0	1636.0	3289.0	130.0	266.0	676.0	1372.0	2737.0	97.0	194.0	504.0	1004.0	2039.0	118.0	234.0	606.0	1211.0	2417.0	148.0	295.0	750.0	1493.0	2982.0	123.0	254.0	644.0	1288.0	2591.0	52.0	105.0	267.0	542.0	1085.0	113.0	230.0	588.0	1176.0	2373.0	110.0	227.0	579.0	1155.0	2317.0	108.0	222.0	563.0	1129.0	2254.0
MARCS_160_172		-1.0	4.0	18.0	31.0	65.0	1.0	4.0	15.0	33.0	74.0	4.0	5.0	10.0	41.0	68.0	4.0	6.0	18.0	49.0	94.0	4.0	5.0	12.0	40.0	82.0	4.0	8.0	16.0	49.0	77.0	3.0	4.0	15.0	22.0	54.0	4.0	7.0	19.0	35.0	118.0	-1.0	7.0	15.0	32.0	60.0	4.0	6.0	14.0	26.0	79.0	1.0	5.0	12.0	30.0	69.0	3.0	7.0	19.0	47.0	112.0
NMDZ1_890_902		826.0	1669.0	3835.0	3571.0	3033.0	774.0	1569.0	3844.0	3593.0	3087.0	779.0	1587.0	3831.0	3532.0	3016.0	762.0	1556.0	3822.0	3554.0	2994.0	717.0	1439.0	3597.0	3613.0	3125.0	746.0	1494.0	3766.0	3615.0	3133.0	722.0	1428.0	3613.0	3578.0	3051.0	791.0	1572.0	3819.0	3525.0	2932.0	540.0	1087.0	2723.0	3733.0	3358.0	675.0	1376.0	3463.0	3625.0	3146.0	662.0	1343.0	3365.0	3634.0	3192.0	710.0	1454.0	3657.0	3574.0	3036.0
PTK6_436_448		347.0	698.0	1772.0	3550.0	3377.0	322.0	645.0	1634.0	3245.0	3454.0	368.0	742.0	1877.0	3711.0	3313.0	319.0	653.0	1634.0	3306.0	3307.0	317.0	644.0	1609.0	3265.0	3425.0	314.0	631.0	1577.0	3195.0	3447.0	333.0	681.0	1687.0	3427.0	3378.0	305.0	614.0	1530.0	3096.0	3303.0	210.0	429.0	1093.0	2174.0	3597.0	315.0	640.0	1608.0	3211.0	3446.0	305.0	616.0	1561.0	3134.0	3441.0	301.0	612.0	1543.0	3122.0	3330.0
SRC_413_425		-6.0	-11.0	-27.0	-52.0	-118.0	-4.0	-8.0	-23.0	-47.0	-90.0	-6.0	-11.0	-38.0	-56.0	-122.0	-5.0	-12.0	-37.0	-83.0	-168.0	-5.0	-10.0	-21.0	-52.0	-101.0	-5.0	-13.0	-22.0	-49.0	-108.0	-7.0	-10.0	-24.0	-49.0	-106.0	-4.0	-8.0	-24.0	-51.0	-107.0	-4.0	-7.0	-16.0	-26.0	-69.0	-5.0	-8.0	-23.0	-46.0	-93.0	-6.0	-8.0	-25.0	-56.0	-126.0	-6.0	-11.0	-23.0	-48.0	-101.0
CAC1C_1974_1986		556.0	1105.0	2770.0	3549.0	2995.0	498.0	1013.0	2561.0	3591.0	3109.0	562.0	1137.0	2864.0	3529.0	2951.0	571.0	1150.0	2900.0	3500.0	2895.0	443.0	893.0	2229.0	3619.0	3153.0	502.0	1015.0	2579.0	3632.0	3148.0	550.0	1088.0	2718.0	3524.0	2950.0	512.0	1021.0	2570.0	3508.0	2875.0	376.0	761.0	1936.0	3707.0	3334.0	474.0	980.0	2418.0	3601.0	3102.0	501.0	999.0	2524.0	3599.0	3083.0	472.0	960.0	2408.0	3540.0	2973.0
KPB1_1011_1023		762.0	1516.0	3818.0	3510.0	2957.0	676.0	1372.0	3463.0	3557.0	3010.0	788.0	1573.0	3800.0	3480.0	2882.0	770.0	1573.0	3787.0	3474.0	2883.0	605.0	1228.0	3093.0	3590.0	3108.0	668.0	1361.0	3403.0	3605.0	3097.0	740.0	1469.0	3685.0	3472.0	2845.0	700.0	1379.0	3474.0	3479.0	2865.0	480.0	957.0	2446.0	3711.0	3311.0	710.0	1424.0	3590.0	3557.0	3008.0	662.0	1322.0	3373.0	3553.0	3013.0	642.0	1306.0	3249.0	3500.0	2910.0
SRC8_CHICK_423_435		-4.0	-12.0	-26.0	-56.0	-103.0	-7.0	-12.0	-17.0	-52.0	-100.0	-8.0	-11.0	-19.0	-57.0	-113.0	-8.0	-9.0	-29.0	-53.0	-111.0	-2.0	-11.0	-21.0	-37.0	-84.0	-3.0	-6.0	-17.0	-39.0	-92.0	-4.0	-7.0	-28.0	-55.0	-133.0	-7.0	-8.0	-29.0	-63.0	-107.0	-5.0	-8.0	-17.0	-32.0	-68.0	-4.0	-8.0	-27.0	-49.0	-101.0	-3.0	-6.0	-21.0	-46.0	-85.0	-2.0	-10.0	-21.0	-39.0	-86.0
ACM5_498_510		8.0	18.0	47.0	98.0	196.0	8.0	18.0	45.0	92.0	179.0	8.0	17.0	47.0	96.0	201.0	10.0	21.0	54.0	112.0	225.0	8.0	19.0	43.0	91.0	177.0	8.0	18.0	46.0	95.0	189.0	7.0	16.0	52.0	99.0	203.0	12.0	24.0	63.0	131.0	269.0	7.0	15.0	39.0	84.0	162.0	10.0	15.0	47.0	94.0	205.0	8.0	17.0	47.0	98.0	193.0	9.0	20.0	53.0	109.0	216.0
BCKD_45_57		3.0	8.0	16.0	39.0	71.0	2.0	6.0	16.0	38.0	75.0	3.0	7.0	19.0	40.0	83.0	5.0	9.0	25.0	56.0	106.0	1.0	8.0	15.0	30.0	70.0	3.0	7.0	17.0	38.0	75.0	3.0	8.0	22.0	45.0	89.0	5.0	13.0	27.0	56.0	110.0	2.0	4.0	11.0	23.0	50.0	5.0	6.0	15.0	42.0	80.0	3.0	7.0	17.0	34.0	64.0	5.0	7.0	24.0	45.0	87.0
CSK21_355_367		-5.0	-4.0	-16.0	-34.0	-86.0	-4.0	-6.0	-14.0	-35.0	-52.0	-4.0	-7.0	-24.0	-42.0	-63.0	-3.0	-10.0	-25.0	-48.0	-79.0	-3.0	-5.0	-15.0	-35.0	-69.0	-3.0	-4.0	-16.0	-31.0	-58.0	-2.0	-5.0	-13.0	-44.0	-66.0	-5.0	-8.0	-19.0	-43.0	-76.0	-3.0	-4.0	-15.0	-24.0	-44.0	-2.0	-5.0	-13.0	-29.0	-64.0	-3.0	-7.0	-13.0	-29.0	-58.0	-4.0	-8.0	-24.0	-46.0	-86.0
GPSM2_394_406		698.0	1415.0	3549.0	3641.0	3163.0	612.0	1229.0	3118.0	3703.0	3306.0	730.0	1430.0	3686.0	3633.0	3176.0	701.0	1410.0	3569.0	3605.0	3083.0	555.0	1117.0	2781.0	3711.0	3300.0	626.0	1242.0	3152.0	3695.0	3288.0	699.0	1412.0	3529.0	3625.0	3139.0	616.0	1241.0	3118.0	3602.0	3100.0	395.0	795.0	1971.0	3810.0	3506.0	590.0	1174.0	2951.0	3711.0	3319.0	613.0	1241.0	3142.0	3693.0	3247.0	591.0	1204.0	3060.0	3632.0	3157.0
KCNA3_461_473		54.0	109.0	278.0	563.0	1109.0	46.0	94.0	238.0	494.0	974.0	83.0	180.0	448.0	909.0	1832.0	74.0	147.0	376.0	756.0	1510.0	43.0	83.0	208.0	426.0	873.0	56.0	113.0	287.0	568.0	1149.0	85.0	174.0	448.0	896.0	1798.0	75.0	148.0	384.0	788.0	1549.0	17.0	38.0	94.0	199.0	405.0	56.0	110.0	276.0	567.0	1146.0	62.0	126.0	323.0	666.0	1329.0	60.0	118.0	306.0	612.0	1229.0
MBP_222_234		2.0	5.0	14.0	31.0	55.0	3.0	7.0	11.0	23.0	54.0	2.0	5.0	9.0	20.0	43.0	4.0	5.0	13.0	30.0	55.0	2.0	3.0	14.0	30.0	62.0	2.0	6.0	13.0	29.0	54.0	2.0	7.0	20.0	35.0	71.0	2.0	6.0	16.0	33.0	63.0	1.0	4.0	9.0	25.0	53.0	4.0	7.0	10.0	28.0	49.0	2.0	3.0	14.0	25.0	47.0	4.0	6.0	18.0	29.0	57.0
NOS3_1171_1183		187.0	388.0	976.0	1968.0	3554.0	180.0	372.0	930.0	1854.0	3581.0	212.0	434.0	1087.0	2178.0	3519.0	180.0	356.0	918.0	1853.0	3476.0	173.0	347.0	863.0	1736.0	3492.0	184.0	369.0	931.0	1884.0	3540.0	192.0	388.0	979.0	1969.0	3521.0	163.0	338.0	855.0	1737.0	3455.0	100.0	205.0	527.0	1047.0	2105.0	180.0	366.0	906.0	1834.0	3572.0	171.0	344.0	868.0	1739.0	3513.0	159.0	317.0	812.0	1629.0	3294.0
RAB1A_187_199		-4.0	-5.0	-8.0	-20.0	-41.0	-1.0	-2.0	-3.0	-11.0	-24.0	-1.0	-3.0	-12.0	-28.0	-59.0	-1.0	-2.0	-10.0	-24.0	-47.0	-2.0	-3.0	-8.0	-11.0	-28.0	-3.0	-2.0	-6.0	-7.0	-27.0	0.0	0.0	-5.0	-6.0	-41.0	1.0	-1.0	-4.0	-12.0	-29.0	-3.0	-1.0	-7.0	-16.0	-25.0	-1.0	-3.0	-8.0	-19.0	-49.0	-1.0	-6.0	-12.0	-16.0	-40.0	0.0	0.0	-4.0	-8.0	-2.0
STK6_283_295		556.0	1129.0	2809.0	3620.0	3130.0	474.0	966.0	2436.0	3672.0	3299.0	566.0	1140.0	2848.0	3601.0	3158.0	532.0	1064.0	2685.0	3593.0	3075.0	447.0	892.0	2241.0	3703.0	3291.0	481.0	976.0	2460.0	3682.0	3279.0	538.0	1069.0	2714.0	3635.0	3154.0	492.0	972.0	2436.0	3592.0	3094.0	349.0	707.0	1789.0	3562.0	3486.0	471.0	941.0	2400.0	3686.0	3282.0	486.0	978.0	2476.0	3695.0	3268.0	438.0	902.0	2275.0	3655.0	3206.0
CFTR_730_742		1071.0	2129.0	3734.0	3379.0	2642.0	918.0	1849.0	3768.0	3445.0	2796.0	1053.0	2142.0	3738.0	3397.0	2641.0	1023.0	2063.0	3729.0	3353.0	2603.0	876.0	1773.0	3787.0	3476.0	2831.0	888.0	1801.0	3803.0	3511.0	2913.0	988.0	1944.0	3734.0	3364.0	2655.0	940.0	1883.0	3728.0	3335.0	2626.0	682.0	1378.0	3460.0	3581.0	3086.0	925.0	1859.0	3778.0	3462.0	2800.0	907.0	1822.0	3778.0	3474.0	2835.0	889.0	1821.0	3756.0	3399.0	2706.0
MYPC3_268_280		1265.0	2539.0	3671.0	3261.0	2394.0	1151.0	2295.0	3719.0	3335.0	2572.0	1255.0	2558.0	3675.0	3246.0	2319.0	1209.0	2450.0	3665.0	3219.0	2371.0	1096.0	2209.0	3728.0	3344.0	2580.0	1177.0	2362.0	3721.0	3334.0	2557.0	1161.0	2305.0	3672.0	3244.0	2382.0	1146.0	2276.0	3668.0	3228.0	2346.0	895.0	1804.0	3804.0	3505.0	2887.0	1185.0	2344.0	3716.0	3329.0	2562.0	1143.0	2300.0	3697.0	3326.0	2496.0	1130.0	2291.0	3691.0	3284.0	2475.0
VASP_271_283		127.0	266.0	670.0	1354.0	2704.0	137.0	273.0	703.0	1375.0	2778.0	158.0	330.0	835.0	1660.0	3316.0	129.0	267.0	679.0	1361.0	2717.0	117.0	225.0	573.0	1159.0	2325.0	136.0	267.0	686.0	1395.0	2824.0	157.0	317.0	816.0	1622.0	3217.0	135.0	276.0	697.0	1410.0	2799.0	84.0	161.0	418.0	840.0	1701.0	129.0	256.0	658.0	1306.0	2654.0	136.0	271.0	692.0	1396.0	2816.0	115.0	234.0	588.0	1185.0	2361.0
ADDB_696_708		7.0	14.0	34.0	71.0	156.0	4.0	11.0	23.0	48.0	102.0	8.0	11.0	36.0	65.0	138.0	11.0	21.0	52.0	110.0	223.0	7.0	13.0	30.0	57.0	121.0	5.0	12.0	29.0	63.0	128.0	6.0	13.0	39.0	77.0	160.0	13.0	21.0	53.0	115.0	236.0	5.0	8.0	25.0	50.0	100.0	7.0	11.0	31.0	59.0	122.0	7.0	13.0	31.0	67.0	141.0	11.0	22.0	55.0	110.0	222.0
BRCA1_1451_1463		2.0	2.0	-2.0	1.0	0.0	2.0	-2.0	-2.0	0.0	-2.0	-2.0	0.0	-3.0	0.0	-6.0	1.0	1.0	-2.0	-5.0	-1.0	1.0	1.0	0.0	2.0	-4.0	-1.0	-1.0	-4.0	-6.0	-15.0	-3.0	1.0	-1.0	-2.0	-8.0	1.0	-1.0	1.0	-3.0	-10.0	-1.0	-2.0	-2.0	-2.0	0.0	0.0	1.0	1.0	-3.0	-2.0	-2.0	-1.0	-2.0	-2.0	-4.0	0.0	-1.0	-3.0	-3.0	-10.0
DCX_49_61		3.0	5.0	7.0	19.0	51.0	3.0	5.0	7.0	16.0	42.0	2.0	4.0	15.0	27.0	60.0	4.0	7.0	19.0	38.0	81.0	2.0	4.0	9.0	22.0	49.0	1.0	5.0	10.0	27.0	48.0	2.0	4.0	14.0	29.0	57.0	5.0	9.0	19.0	41.0	89.0	3.0	3.0	6.0	16.0	37.0	0.0	5.0	13.0	25.0	62.0	1.0	3.0	13.0	25.0	55.0	2.0	5.0	18.0	38.0	81.0
GSUB_61_73		5.0	10.0	19.0	49.0	100.0	3.0	5.0	23.0	46.0	92.0	5.0	10.0	26.0	60.0	118.0	7.0	16.0	35.0	76.0	153.0	3.0	9.0	17.0	42.0	95.0	5.0	11.0	25.0	50.0	107.0	3.0	9.0	28.0	58.0	121.0	7.0	15.0	36.0	78.0	156.0	4.0	6.0	13.0	35.0	75.0	5.0	9.0	24.0	47.0	108.0	3.0	9.0	25.0	53.0	104.0	8.0	13.0	41.0	79.0	153.0
KCNB1_489_501		1.0	2.0	1.0	6.0	11.0	0.0	0.0	1.0	4.0	12.0	0.0	-1.0	3.0	12.0	20.0	-1.0	2.0	7.0	9.0	22.0	0.0	2.0	3.0	14.0	13.0	-1.0	3.0	7.0	13.0	25.0	-3.0	0.0	3.0	13.0	27.0	4.0	0.0	4.0	9.0	21.0	1.0	1.0	3.0	7.0	19.0	0.0	2.0	3.0	7.0	16.0	1.0	1.0	6.0	9.0	21.0	1.0	1.0	5.0	12.0	28.0
MK10_214_226		1.0	-1.0	-3.0	-8.0	-16.0	-1.0	-2.0	-6.0	-12.0	-22.0	0.0	-4.0	-6.0	-13.0	-35.0	0.0	-3.0	-9.0	-15.0	-28.0	0.0	2.0	-1.0	-5.0	-11.0	-1.0	-1.0	-5.0	-10.0	-10.0	-4.0	-3.0	-8.0	-10.0	-24.0	0.0	-3.0	-5.0	-10.0	-38.0	0.0	0.0	-5.0	-7.0	-14.0	0.0	-4.0	-6.0	-13.0	-28.0	-3.0	-2.0	-4.0	-14.0	-21.0	-1.0	-3.0	-8.0	-14.0	-31.0
NR4A1_344_356		6.0	14.0	33.0	68.0	148.0	4.0	11.0	32.0	66.0	133.0	5.0	11.0	33.0	70.0	146.0	10.0	24.0	59.0	127.0	246.0	8.0	13.0	28.0	60.0	125.0	6.0	12.0	32.0	64.0	125.0	6.0	14.0	30.0	64.0	138.0	13.0	20.0	50.0	109.0	219.0	6.0	10.0	26.0	55.0	115.0	5.0	13.0	33.0	64.0	140.0	6.0	13.0	34.0	74.0	151.0	10.0	21.0	54.0	109.0	214.0
RAF1_253_265		8.0	16.0	32.0	75.0	154.0	4.0	14.0	35.0	74.0	149.0	15.0	23.0	71.0	145.0	273.0	8.0	20.0	51.0	111.0	221.0	4.0	13.0	24.0	56.0	127.0	8.0	15.0	40.0	90.0	176.0	13.0	22.0	60.0	130.0	262.0	9.0	21.0	52.0	99.0	213.0	4.0	6.0	17.0	33.0	78.0	7.0	13.0	41.0	76.0	147.0	7.0	13.0	33.0	77.0	175.0	9.0	15.0	38.0	76.0	160.0
STMN2_90_102		368.0	749.0	1904.0	3690.0	3262.0	321.0	644.0	1638.0	3284.0	3349.0	439.0	892.0	2258.0	3647.0	3182.0	401.0	817.0	2047.0	3634.0	3194.0	279.0	563.0	1411.0	2805.0	3411.0	322.0	649.0	1658.0	3295.0	3398.0	437.0	861.0	2162.0	3642.0	3204.0	391.0	768.0	1953.0	3640.0	3182.0	196.0	404.0	1028.0	2031.0	3598.0	328.0	671.0	1680.0	3346.0	3383.0	326.0	666.0	1667.0	3331.0	3358.0	312.0	643.0	1616.0	3258.0	3320.0
CGHB_109_121		107.0	219.0	550.0	1101.0	2241.0	98.0	202.0	498.0	1006.0	2031.0	141.0	288.0	726.0	1465.0	2969.0	124.0	243.0	629.0	1263.0	2545.0	95.0	192.0	480.0	969.0	1945.0	107.0	214.0	556.0	1103.0	2225.0	141.0	286.0	712.0	1428.0	2877.0	119.0	240.0	609.0	1233.0	2453.0	75.0	143.0	371.0	750.0	1496.0	110.0	215.0	560.0	1118.0	2240.0	105.0	211.0	548.0	1091.0	2181.0	106.0	210.0	534.0	1085.0	2178.0
NCF1_296_308		885.0	1734.0	3702.0	3312.0	2541.0	776.0	1543.0	3727.0	3381.0	2662.0	781.0	1594.0	3717.0	3354.0	2559.0	779.0	1602.0	3724.0	3313.0	2587.0	774.0	1553.0	3738.0	3413.0	2751.0	901.0	1818.0	3725.0	3335.0	2658.0	798.0	1562.0	3721.0	3322.0	2536.0	757.0	1496.0	3712.0	3366.0	2598.0	737.0	1482.0	3687.0	3482.0	2895.0	805.0	1629.0	3733.0	3369.0	2628.0	622.0	1255.0	3168.0	3404.0	2739.0	678.0	1391.0	3514.0	3371.0	2651.0
VTNC_390_402		825.0	1647.0	3720.0	3333.0	2580.0	724.0	1440.0	3629.0	3405.0	2738.0	799.0	1639.0	3711.0	3372.0	2594.0	765.0	1537.0	3702.0	3311.0	2517.0	696.0	1402.0	3503.0	3441.0	2779.0	719.0	1425.0	3583.0	3458.0	2831.0	792.0	1564.0	3720.0	3352.0	2602.0	720.0	1454.0	3650.0	3336.0	2621.0	503.0	1023.0	2564.0	3566.0	3059.0	705.0	1406.0	3598.0	3413.0	2711.0	636.0	1281.0	3235.0	3474.0	2851.0	657.0	1310.0	3317.0	3383.0	2701.0
ADDB_706_718		9.0	20.0	50.0	104.0	210.0	8.0	18.0	41.0	89.0	166.0	13.0	25.0	67.0	139.0	283.0	15.0	29.0	76.0	156.0	311.0	10.0	19.0	47.0	91.0	186.0	13.0	24.0	53.0	114.0	231.0	13.0	24.0	69.0	138.0	281.0	15.0	32.0	82.0	165.0	337.0	8.0	15.0	40.0	83.0	168.0	12.0	25.0	61.0	125.0	244.0	11.0	26.0	62.0	124.0	251.0	14.0	29.0	75.0	154.0	319.0
C1R_201_213		1.0	0.0	1.0	6.0	15.0	0.0	4.0	1.0	5.0	15.0	2.0	1.0	5.0	12.0	21.0	2.0	2.0	8.0	14.0	24.0	0.0	3.0	3.0	6.0	14.0	3.0	1.0	4.0	8.0	16.0	1.0	0.0	6.0	5.0	16.0	1.0	2.0	8.0	13.0	31.0	1.0	1.0	4.0	6.0	8.0	1.0	4.0	7.0	11.0	18.0	-1.0	3.0	3.0	7.0	16.0	0.0	3.0	4.0	13.0	20.0
ELK1_356_368		0.0	1.0	1.0	1.0	3.0	0.0	0.0	-1.0	-1.0	-3.0	0.0	-1.0	-5.0	-1.0	-3.0	-1.0	-3.0	-3.0	-7.0	-13.0	0.0	2.0	-1.0	0.0	-5.0	0.0	-2.0	-2.0	-3.0	-8.0	1.0	-3.0	2.0	0.0	-11.0	0.0	-1.0	-6.0	-11.0	-16.0	0.0	1.0	0.0	0.0	-1.0	-2.0	-1.0	-1.0	-2.0	-8.0	-2.0	0.0	-4.0	-1.0	-4.0	0.0	1.0	-2.0	-6.0	-11.0
GYS2_1_13		24.0	45.0	115.0	240.0	482.0	18.0	38.0	89.0	186.0	380.0	36.0	73.0	179.0	368.0	728.0	28.0	59.0	147.0	303.0	616.0	21.0	42.0	95.0	195.0	397.0	23.0	45.0	108.0	229.0	463.0	39.0	74.0	192.0	376.0	783.0	32.0	63.0	151.0	301.0	633.0	13.0	23.0	60.0	120.0	248.0	22.0	45.0	109.0	227.0	463.0	26.0	49.0	118.0	250.0	518.0	26.0	51.0	127.0	263.0	529.0
KIF11_919_931		2.0	-2.0	-1.0	-5.0	-1.0	-2.0	2.0	-1.0	-2.0	-7.0	-1.0	-2.0	-2.0	-2.0	-7.0	0.0	-3.0	-3.0	-3.0	-10.0	0.0	-1.0	1.0	-2.0	-6.0	-2.0	1.0	-1.0	-4.0	-1.0	0.0	-1.0	-2.0	-3.0	-7.0	-1.0	1.0	-3.0	-4.0	-5.0	-2.0	-1.0	-2.0	-2.0	1.0	0.0	2.0	-1.0	-5.0	-6.0	0.0	2.0	-1.0	-3.0	-2.0	1.0	1.0	3.0	6.0	7.0
MP2K1_281_293		1.0	0.0	-1.0	2.0	-1.0	0.0	0.0	-1.0	0.0	-4.0	0.0	-1.0	-2.0	-2.0	0.0	1.0	-2.0	0.0	3.0	1.0	1.0	2.0	1.0	2.0	8.0	1.0	1.0	1.0	-1.0	3.0	1.0	0.0	2.0	2.0	5.0	0.0	0.0	1.0	2.0	5.0	0.0	2.0	0.0	-1.0	6.0	1.0	1.0	1.0	-2.0	-1.0	-1.0	1.0	1.0	-1.0	5.0	2.0	1.0	3.0	5.0	11.0
NTRK3_824_836		2.0	1.0	2.0	5.0	12.0	0.0	4.0	6.0	7.0	12.0	2.0	0.0	3.0	7.0	12.0	0.0	1.0	0.0	4.0	-1.0	-1.0	1.0	3.0	6.0	12.0	2.0	-1.0	2.0	6.0	7.0	0.0	-1.0	3.0	3.0	7.0	2.0	2.0	-1.0	-1.0	6.0	1.0	1.0	2.0	5.0	11.0	1.0	2.0	1.0	4.0	9.0	0.0	1.0	3.0	5.0	10.0	2.0	2.0	1.0	1.0	3.0
RAP1B_172_184		43.0	86.0	216.0	431.0	870.0	42.0	84.0	209.0	425.0	849.0	66.0	133.0	338.0	677.0	1371.0	58.0	122.0	306.0	619.0	1234.0	33.0	69.0	169.0	344.0	694.0	45.0	90.0	228.0	449.0	915.0	68.0	128.0	328.0	678.0	1335.0	60.0	116.0	287.0	598.0	1206.0	23.0	47.0	112.0	228.0	459.0	45.0	91.0	222.0	460.0	914.0	48.0	102.0	253.0	512.0	1022.0	47.0	102.0	253.0	507.0	1036.0
TAU_524_536		-2.0	0.0	0.0	-10.0	-6.0	2.0	1.0	0.0	0.0	5.0	-1.0	-1.0	-2.0	0.0	-14.0	-1.0	-3.0	3.0	0.0	30.0	-1.0	-1.0	0.0	1.0	18.0	-1.0	1.0	3.0	-6.0	5.0	0.0	-2.0	6.0	1.0	12.0	0.0	0.0	5.0	1.0	24.0	1.0	-1.0	-6.0	-9.0	0.0	-1.0	-2.0	-3.0	-1.0	-15.0	-1.0	-1.0	-1.0	0.0	-17.0	-2.0	0.0	-1.0	0.0	16.0
CREB1_126_138		754.0	1487.0	3751.0	3471.0	2825.0	653.0	1296.0	3273.0	3543.0	3002.0	678.0	1372.0	3482.0	3477.0	2830.0	673.0	1361.0	3434.0	3467.0	2851.0	598.0	1207.0	3044.0	3576.0	3037.0	654.0	1300.0	3291.0	3568.0	3022.0	669.0	1317.0	3343.0	3531.0	2922.0	603.0	1189.0	2983.0	3517.0	2818.0	490.0	979.0	2459.0	3668.0	3276.0	615.0	1243.0	3113.0	3559.0	3059.0	590.0	1192.0	2966.0	3598.0	3103.0	578.0	1160.0	2917.0	3534.0	2980.0
NCF1_321_333		707.0	1416.0	3562.0	3332.0	2585.0	619.0	1252.0	3153.0	3385.0	2677.0	768.0	1538.0	3715.0	3334.0	2569.0	689.0	1399.0	3523.0	3315.0	2532.0	606.0	1208.0	3048.0	3463.0	2741.0	659.0	1309.0	3279.0	3431.0	2798.0	704.0	1405.0	3525.0	3329.0	2570.0	639.0	1247.0	3150.0	3359.0	2636.0	459.0	921.0	2350.0	3570.0	3050.0	657.0	1325.0	3349.0	3415.0	2752.0	616.0	1252.0	3151.0	3415.0	2680.0	578.0	1160.0	2936.0	3427.0	2743.0
CFTR_761_773		1862.0	3724.0	3456.0	2819.0	1645.0	1659.0	3318.0	3544.0	2998.0	1921.0	1630.0	3283.0	3508.0	2913.0	1801.0	1595.0	3226.0	3516.0	2928.0	1821.0	1552.0	3136.0	3571.0	3042.0	1981.0	1572.0	3149.0	3550.0	3080.0	2088.0	1561.0	3105.0	3552.0	3001.0	1907.0	1481.0	2938.0	3554.0	2972.0	1822.0	1365.0	2752.0	3618.0	3131.0	2135.0	1603.0	3218.0	3547.0	3024.0	1958.0	1490.0	3016.0	3548.0	2999.0	1896.0	1504.0	3005.0	3549.0	3028.0	2039.0
AKT1_301_313		-1.0	-2.0	0.0	-4.0	-8.0	-1.0	0.0	0.0	-4.0	-4.0	1.0	-2.0	-3.0	-1.0	-6.0	-2.0	-1.0	-5.0	-7.0	-17.0	-1.0	-3.0	-1.0	-3.0	-4.0	-1.0	-2.0	-3.0	-8.0	-2.0	0.0	-1.0	0.0	-1.0	-7.0	0.0	0.0	-5.0	-6.0	-12.0	1.0	2.0	2.0	-1.0	1.0	1.0	2.0	-1.0	-3.0	-3.0	0.0	0.0	-3.0	-6.0	-11.0	-1.0	-1.0	-3.0	-4.0	-4.0
CA2D1_494_506		3.0	5.0	14.0	28.0	66.0	2.0	5.0	12.0	19.0	46.0	1.0	6.0	12.0	36.0	65.0	3.0	7.0	21.0	37.0	83.0	2.0	4.0	13.0	28.0	57.0	1.0	4.0	15.0	27.0	61.0	4.0	6.0	15.0	33.0	67.0	3.0	8.0	19.0	34.0	79.0	2.0	5.0	11.0	22.0	45.0	2.0	4.0	12.0	24.0	52.0	2.0	5.0	13.0	24.0	57.0	2.0	8.0	19.0	35.0	72.0
ELK1_410_422		-2.0	-3.0	-6.0	-13.0	-18.0	-3.0	-3.0	-6.0	-12.0	-26.0	-2.0	-2.0	-5.0	-10.0	-33.0	-3.0	-5.0	-10.0	-17.0	-41.0	-2.0	-4.0	-5.0	-10.0	-14.0	-2.0	-5.0	-8.0	-15.0	-30.0	-2.0	-3.0	-7.0	-13.0	-27.0	-2.0	-2.0	-11.0	-23.0	-41.0	-1.0	1.0	-3.0	-8.0	-11.0	-1.0	-2.0	-5.0	-10.0	-17.0	-1.0	-2.0	-7.0	-10.0	-20.0	0.0	-3.0	-8.0	-8.0	-24.0
H2B1B_ 27_40		68.0	139.0	357.0	715.0	1446.0	59.0	114.0	294.0	599.0	1192.0	88.0	179.0	458.0	922.0	1855.0	87.0	179.0	457.0	920.0	1838.0	56.0	111.0	284.0	564.0	1135.0	66.0	136.0	343.0	696.0	1386.0	99.0	191.0	489.0	989.0	1998.0	81.0	162.0	408.0	829.0	1660.0	40.0	84.0	213.0	421.0	848.0	76.0	148.0	382.0	750.0	1527.0	76.0	153.0	374.0	769.0	1542.0	78.0	158.0	402.0	804.0	1640.0
KIF2C_105_118_S106G		126.0	256.0	642.0	1293.0	2588.0	126.0	253.0	653.0	1312.0	2629.0	139.0	284.0	718.0	1442.0	2912.0	135.0	276.0	698.0	1411.0	2843.0	116.0	235.0	606.0	1212.0	2438.0	130.0	269.0	679.0	1370.0	2750.0	146.0	285.0	719.0	1466.0	2930.0	143.0	285.0	721.0	1454.0	2959.0	98.0	199.0	503.0	1003.0	2008.0	141.0	281.0	710.0	1410.0	2860.0	124.0	255.0	649.0	1297.0	2602.0	136.0	276.0	723.0	1447.0	2877.0
MP2K1_287_299		5.0	12.0	32.0	55.0	117.0	4.0	11.0	27.0	57.0	113.0	5.0	8.0	27.0	63.0	124.0	8.0	14.0	39.0	81.0	172.0	4.0	10.0	27.0	56.0	117.0	7.0	11.0	27.0	63.0	128.0	6.0	10.0	32.0	66.0	125.0	6.0	17.0	42.0	86.0	169.0	3.0	9.0	23.0	45.0	90.0	6.0	9.0	30.0	53.0	115.0	7.0	11.0	27.0	59.0	118.0	6.0	15.0	42.0	78.0	162.0
P53_12_24		0.0	2.0	7.0	8.0	19.0	1.0	3.0	9.0	14.0	26.0	0.0	1.0	4.0	6.0	20.0	0.0	2.0	1.0	6.0	5.0	0.0	2.0	4.0	10.0	22.0	1.0	2.0	7.0	11.0	23.0	1.0	1.0	1.0	7.0	13.0	1.0	2.0	4.0	8.0	7.0	1.0	2.0	5.0	9.0	17.0	2.0	1.0	5.0	8.0	23.0	0.0	1.0	4.0	6.0	19.0	4.0	2.0	4.0	7.0	19.0
RB_242_254		2.0	6.0	17.0	38.0	74.0	1.0	7.0	22.0	39.0	80.0	3.0	5.0	19.0	39.0	82.0	3.0	13.0	23.0	62.0	122.0	2.0	3.0	16.0	34.0	80.0	2.0	7.0	19.0	38.0	83.0	5.0	8.0	21.0	52.0	101.0	4.0	11.0	25.0	53.0	111.0	1.0	5.0	14.0	28.0	56.0	6.0	6.0	18.0	39.0	77.0	5.0	6.0	16.0	38.0	91.0	3.0	8.0	28.0	52.0	106.0
TLE2_246_258		-5.0	-12.0	-23.0	-63.0	-68.0	-3.0	-7.0	-18.0	-32.0	-97.0	-6.0	-14.0	-26.0	-54.0	-128.0	-6.0	-10.0	-29.0	-66.0	-133.0	-4.0	-8.0	-23.0	-38.0	-80.0	-7.0	-12.0	-24.0	-61.0	-124.0	-3.0	-14.0	-28.0	-48.0	-97.0	-5.0	-10.0	-27.0	-56.0	-107.0	-4.0	-5.0	-16.0	-37.0	-66.0	-4.0	-6.0	-22.0	-43.0	-83.0	-7.0	-13.0	-36.0	-69.0	-134.0	-6.0	-11.0	-25.0	-61.0	-119.0
DESP_2842_2854		459.0	918.0	2308.0	3614.0	3141.0	406.0	818.0	2034.0	3647.0	3184.0	456.0	946.0	2406.0	3595.0	3084.0	489.0	990.0	2525.0	3553.0	3009.0	382.0	745.0	1889.0	3683.0	3254.0	410.0	833.0	2068.0	3663.0	3242.0	500.0	986.0	2521.0	3566.0	3014.0	465.0	928.0	2342.0	3556.0	3038.0	270.0	558.0	1365.0	2747.0	3432.0	434.0	860.0	2160.0	3650.0	3182.0	436.0	856.0	2155.0	3628.0	3175.0	407.0	820.0	2119.0	3604.0	3140.0
NFKB1_330_342		299.0	611.0	1531.0	3059.0	3124.0	267.0	549.0	1373.0	2747.0	3140.0	359.0	726.0	1820.0	3568.0	3029.0	317.0	651.0	1640.0	3304.0	3017.0	254.0	523.0	1336.0	2654.0	3237.0	280.0	578.0	1446.0	2883.0	3166.0	343.0	683.0	1709.0	3435.0	3066.0	313.0	626.0	1569.0	3258.0	3041.0	183.0	383.0	957.0	1922.0	3436.0	296.0	605.0	1513.0	3049.0	3150.0	283.0	579.0	1453.0	2953.0	3142.0	252.0	510.0	1315.0	2593.0	3106.0
F263_454_466		1874.0	3789.0	3555.0	2982.0	2060.0	1714.0	3463.0	3606.0	3145.0	2103.0	1750.0	3502.0	3549.0	3041.0	1921.0	1647.0	3343.0	3556.0	3003.0	2088.0	1665.0	3334.0	3608.0	3115.0	2418.0	1603.0	3245.0	3620.0	3126.0	2181.0	1648.0	3272.0	3592.0	3097.0	2123.0	1538.0	3061.0	3588.0	3069.0	2035.0	1393.0	2814.0	3670.0	3259.0	2511.0	1711.0	3406.0	3577.0	3057.0	2128.0	1559.0	3148.0	3620.0	3148.0	2097.0	1602.0	3255.0	3579.0	3063.0	2038.0
ANDR_785_797		82.0	166.0	434.0	869.0	1741.0	78.0	155.0	407.0	806.0	1649.0	105.0	210.0	533.0	1054.0	2130.0	84.0	167.0	428.0	868.0	1745.0	69.0	144.0	365.0	731.0	1485.0	76.0	154.0	396.0	806.0	1597.0	108.0	203.0	515.0	1037.0	2090.0	93.0	186.0	471.0	950.0	1916.0	43.0	87.0	218.0	443.0	888.0	78.0	162.0	414.0	842.0	1688.0	82.0	167.0	443.0	868.0	1733.0	75.0	149.0	381.0	782.0	1566.0
CD27_212_224		9.0	20.0	49.0	93.0	188.0	5.0	9.0	26.0	59.0	116.0	10.0	16.0	51.0	96.0	197.0	14.0	29.0	73.0	151.0	295.0	5.0	15.0	38.0	78.0	163.0	9.0	14.0	41.0	79.0	163.0	8.0	15.0	46.0	94.0	196.0	14.0	26.0	69.0	140.0	287.0	7.0	13.0	36.0	74.0	153.0	9.0	15.0	43.0	90.0	175.0	9.0	19.0	45.0	92.0	189.0	14.0	26.0	68.0	138.0	281.0
ERBB2_679_691		128.0	260.0	656.0	1321.0	2640.0	111.0	225.0	576.0	1170.0	2337.0	115.0	234.0	596.0	1187.0	2428.0	105.0	222.0	556.0	1100.0	2223.0	114.0	227.0	583.0	1153.0	2314.0	131.0	257.0	658.0	1315.0	2626.0	118.0	229.0	582.0	1164.0	2371.0	110.0	216.0	554.0	1111.0	2238.0	88.0	181.0	463.0	930.0	1860.0	131.0	256.0	654.0	1309.0	2647.0	105.0	214.0	541.0	1093.0	2174.0	110.0	221.0	558.0	1125.0	2268.0
H32_3_18		15.0	34.0	83.0	170.0	338.0	11.0	24.0	60.0	117.0	238.0	15.0	32.0	81.0	167.0	332.0	22.0	47.0	110.0	229.0	460.0	13.0	27.0	69.0	145.0	282.0	15.0	27.0	72.0	149.0	297.0	14.0	30.0	77.0	156.0	307.0	21.0	44.0	109.0	224.0	450.0	12.0	24.0	57.0	112.0	228.0	15.0	26.0	70.0	141.0	289.0	16.0	28.0	70.0	146.0	299.0	21.0	42.0	101.0	209.0	417.0
KPCB_19_31_A25S		158.0	315.0	815.0	1614.0	3262.0	127.0	249.0	654.0	1303.0	2626.0	172.0	355.0	899.0	1808.0	3612.0	165.0	345.0	874.0	1762.0	3553.0	124.0	257.0	649.0	1303.0	2618.0	158.0	325.0	832.0	1675.0	3353.0	181.0	356.0	899.0	1816.0	3620.0	163.0	341.0	846.0	1717.0	3448.0	86.0	170.0	442.0	879.0	1769.0	166.0	337.0	857.0	1700.0	3446.0	144.0	291.0	735.0	1460.0	2947.0	159.0	328.0	820.0	1659.0	3306.0
MPH6_140_152		-2.0	-2.0	-2.0	-8.0	-10.0	-1.0	-5.0	-4.0	-6.0	-7.0	-1.0	-1.0	-4.0	-4.0	-6.0	-1.0	0.0	-3.0	-2.0	-5.0	0.0	1.0	0.0	-3.0	-4.0	0.0	-3.0	-1.0	2.0	-2.0	1.0	-1.0	0.0	-2.0	-4.0	1.0	-3.0	-2.0	-3.0	-5.0	0.0	0.0	1.0	1.0	0.0	-1.0	-3.0	-3.0	-8.0	-11.0	0.0	-1.0	-1.0	-2.0	-3.0	1.0	1.0	-2.0	-4.0	-2.0
P53_308_323		5.0	7.0	17.0	34.0	66.0	3.0	7.0	16.0	34.0	69.0	3.0	6.0	19.0	34.0	74.0	6.0	11.0	30.0	60.0	127.0	3.0	9.0	16.0	34.0	66.0	3.0	5.0	15.0	31.0	55.0	3.0	5.0	15.0	34.0	67.0	7.0	11.0	23.0	59.0	115.0	3.0	4.0	14.0	27.0	63.0	3.0	6.0	18.0	36.0	69.0	4.0	9.0	19.0	41.0	83.0	5.0	11.0	25.0	54.0	106.0
RB_350_362		1.0	6.0	14.0	27.0	57.0	3.0	9.0	15.0	29.0	57.0	1.0	8.0	14.0	36.0	69.0	4.0	7.0	28.0	60.0	120.0	3.0	6.0	13.0	24.0	41.0	2.0	4.0	15.0	29.0	72.0	5.0	5.0	19.0	36.0	82.0	3.0	8.0	19.0	41.0	83.0	1.0	4.0	6.0	20.0	38.0	1.0	5.0	15.0	26.0	66.0	-1.0	8.0	15.0	34.0	46.0	3.0	9.0	19.0	40.0	89.0
TOP2A_1463_1475		1111.0	2219.0	3750.0	3388.0	2651.0	970.0	1921.0	3789.0	3458.0	2862.0	999.0	1990.0	3759.0	3394.0	2706.0	966.0	1941.0	3753.0	3400.0	2710.0	893.0	1774.0	3798.0	3497.0	2874.0	897.0	1807.0	3815.0	3534.0	2933.0	954.0	1908.0	3777.0	3456.0	2783.0	897.0	1788.0	3769.0	3423.0	2752.0	680.0	1380.0	3535.0	3626.0	3169.0	936.0	1878.0	3792.0	3491.0	2866.0	865.0	1758.0	3786.0	3475.0	2840.0	836.0	1736.0	3787.0	3476.0	2836.0
E1A_ADE05_212_224		307.0	618.0	1542.0	3103.0	3192.0	274.0	545.0	1378.0	2771.0	3263.0	329.0	673.0	1698.0	3397.0	3121.0	303.0	615.0	1531.0	3081.0	3096.0	266.0	532.0	1330.0	2672.0	3287.0	290.0	578.0	1458.0	2924.0	3265.0	330.0	647.0	1658.0	3310.0	3163.0	286.0	576.0	1438.0	2893.0	3100.0	210.0	424.0	1069.0	2138.0	3448.0	282.0	563.0	1423.0	2870.0	3258.0	285.0	579.0	1466.0	2934.0	3244.0	253.0	515.0	1298.0	2615.0	3200.0
PLM_76_88		189.0	382.0	962.0	1939.0	3240.0	169.0	342.0	871.0	1738.0	3278.0	242.0	492.0	1228.0	2456.0	3202.0	211.0	441.0	1094.0	2220.0	3177.0	153.0	307.0	786.0	1558.0	3138.0	181.0	362.0	927.0	1868.0	3315.0	253.0	497.0	1248.0	2519.0	3203.0	222.0	436.0	1109.0	2237.0	3178.0	100.0	193.0	486.0	972.0	1943.0	195.0	390.0	977.0	1960.0	3307.0	200.0	415.0	1039.0	2077.0	3283.0	174.0	353.0	902.0	1793.0	3253.0
KAP3_107_119		890.0	1799.0	3737.0	3402.0	2662.0	785.0	1567.0	3777.0	3461.0	2821.0	869.0	1750.0	3732.0	3372.0	2664.0	820.0	1656.0	3736.0	3363.0	2619.0	737.0	1496.0	3683.0	3481.0	2868.0	759.0	1522.0	3801.0	3496.0	2884.0	850.0	1675.0	3753.0	3409.0	2719.0	766.0	1541.0	3757.0	3431.0	2728.0	632.0	1263.0	3164.0	3581.0	3082.0	751.0	1534.0	3795.0	3474.0	2828.0	761.0	1535.0	3778.0	3463.0	2849.0	711.0	1461.0	3664.0	3436.0	2792.0
ANXA1_209_221		25.0	49.0	121.0	238.0	492.0	23.0	49.0	129.0	259.0	505.0	39.0	77.0	200.0	393.0	807.0	36.0	74.0	189.0	377.0	746.0	18.0	40.0	95.0	189.0	393.0	26.0	49.0	126.0	246.0	494.0	43.0	87.0	221.0	446.0	875.0	40.0	79.0	207.0	416.0	836.0	11.0	27.0	56.0	115.0	260.0	24.0	51.0	123.0	248.0	525.0	29.0	62.0	150.0	318.0	642.0	30.0	61.0	146.0	303.0	590.0
CDC2_154_169		0.0	1.0	2.0	11.0	9.0	-2.0	0.0	3.0	7.0	23.0	0.0	1.0	5.0	6.0	40.0	0.0	1.0	5.0	12.0	25.0	0.0	3.0	8.0	9.0	21.0	1.0	0.0	4.0	9.0	27.0	0.0	2.0	5.0	15.0	36.0	3.0	2.0	6.0	14.0	37.0	0.0	3.0	4.0	11.0	19.0	2.0	2.0	3.0	11.0	31.0	2.0	3.0	4.0	8.0	20.0	2.0	3.0	6.0	13.0	40.0
ERF_519_531		2.0	8.0	21.0	47.0	92.0	1.0	5.0	15.0	29.0	57.0	6.0	12.0	38.0	74.0	149.0	8.0	14.0	39.0	77.0	157.0	5.0	7.0	21.0	33.0	69.0	3.0	8.0	20.0	41.0	86.0	9.0	16.0	42.0	80.0	165.0	8.0	15.0	38.0	79.0	163.0	1.0	3.0	10.0	23.0	38.0	3.0	7.0	18.0	41.0	84.0	6.0	9.0	26.0	57.0	106.0	7.0	14.0	30.0	66.0	130.0
IF4E_203_215		2.0	7.0	15.0	32.0	62.0	1.0	5.0	12.0	21.0	53.0	1.0	5.0	16.0	39.0	74.0	6.0	9.0	21.0	48.0	101.0	3.0	7.0	15.0	23.0	59.0	3.0	6.0	15.0	35.0	63.0	4.0	7.0	16.0	30.0	67.0	5.0	11.0	26.0	51.0	100.0	3.0	6.0	14.0	26.0	48.0	4.0	7.0	11.0	28.0	59.0	2.0	8.0	17.0	30.0	66.0	5.0	7.0	22.0	49.0	92.0
KPCB_626_639		-1.0	0.0	3.0	6.0	5.0	0.0	2.0	8.0	8.0	18.0	0.0	3.0	6.0	15.0	34.0	1.0	3.0	9.0	15.0	44.0	1.0	3.0	6.0	12.0	29.0	4.0	4.0	7.0	14.0	27.0	1.0	2.0	6.0	9.0	24.0	2.0	3.0	7.0	18.0	40.0	1.0	3.0	4.0	8.0	14.0	0.0	2.0	4.0	8.0	31.0	2.0	2.0	5.0	12.0	28.0	2.0	4.0	6.0	18.0	41.0
MPIP1_172_184		5.0	8.0	23.0	41.0	89.0	3.0	8.0	21.0	43.0	88.0	4.0	8.0	24.0	50.0	102.0	7.0	13.0	31.0	64.0	119.0	4.0	7.0	22.0	42.0	85.0	3.0	9.0	23.0	48.0	101.0	4.0	10.0	23.0	48.0	94.0	5.0	10.0	27.0	56.0	116.0	3.0	7.0	14.0	31.0	68.0	4.0	10.0	18.0	46.0	90.0	5.0	9.0	24.0	45.0	93.0	6.0	12.0	29.0	61.0	122.0
PDE5A_95_107		2.0	8.0	15.0	36.0	74.0	3.0	7.0	18.0	32.0	71.0	9.0	16.0	44.0	87.0	176.0	5.0	15.0	31.0	67.0	136.0	1.0	4.0	14.0	26.0	54.0	3.0	7.0	17.0	40.0	79.0	10.0	19.0	50.0	97.0	193.0	9.0	13.0	42.0	79.0	157.0	1.0	3.0	8.0	13.0	26.0	4.0	8.0	18.0	41.0	91.0	6.0	9.0	24.0	56.0	105.0	6.0	10.0	24.0	51.0	102.0
RB_774_786		-2.0	-1.0	0.0	0.0	0.0	-3.0	0.0	0.0	2.0	2.0	-2.0	0.0	0.0	-10.0	13.0	-3.0	1.0	0.0	-3.0	-3.0	0.0	-1.0	-2.0	1.0	4.0	-1.0	0.0	-5.0	-2.0	2.0	-1.0	0.0	1.0	-5.0	-7.0	-2.0	-2.0	-1.0	-3.0	-25.0	-1.0	-3.0	-5.0	-4.0	-12.0	-1.0	-3.0	-6.0	-4.0	-6.0	0.0	-3.0	3.0	-10.0	-12.0	-1.0	-5.0	-10.0	-8.0	-12.0
VASP_150_162		893.0	1758.0	3768.0	3440.0	2709.0	734.0	1455.0	3720.0	3516.0	2950.0	892.0	1818.0	3773.0	3404.0	2705.0	835.0	1703.0	3767.0	3427.0	2750.0	721.0	1416.0	3577.0	3535.0	2964.0	737.0	1489.0	3736.0	3509.0	2997.0	865.0	1713.0	3784.0	3464.0	2830.0	804.0	1601.0	3764.0	3435.0	2770.0	515.0	1025.0	2597.0	3680.0	3246.0	759.0	1528.0	3796.0	3505.0	2900.0	740.0	1473.0	3745.0	3497.0	2891.0	688.0	1411.0	3561.0	3530.0	2878.0
EPB42_241_253		756.0	1512.0	3745.0	3399.0	2661.0	634.0	1280.0	3209.0	3472.0	2798.0	745.0	1493.0	3738.0	3358.0	2616.0	720.0	1451.0	3645.0	3359.0	2602.0	598.0	1184.0	2999.0	3487.0	2865.0	653.0	1332.0	3350.0	3470.0	2852.0	736.0	1458.0	3664.0	3382.0	2628.0	683.0	1354.0	3411.0	3362.0	2729.0	471.0	950.0	2386.0	3603.0	3112.0	645.0	1287.0	3233.0	3478.0	2848.0	629.0	1297.0	3274.0	3454.0	2823.0	603.0	1236.0	3097.0	3442.0	2765.0
PTN12_32_44		866.0	1706.0	3720.0	3363.0	2576.0	744.0	1492.0	3763.0	3416.0	2729.0	736.0	1502.0	3762.0	3418.0	2687.0	744.0	1506.0	3742.0	3378.0	2648.0	721.0	1437.0	3610.0	3454.0	2785.0	747.0	1492.0	3747.0	3446.0	2808.0	755.0	1494.0	3753.0	3402.0	2703.0	681.0	1346.0	3405.0	3417.0	2710.0	593.0	1177.0	2987.0	3582.0	3073.0	742.0	1489.0	3761.0	3436.0	2795.0	665.0	1337.0	3377.0	3441.0	2791.0	620.0	1264.0	3216.0	3434.0	2773.0
KCNA6_504_516		1366.0	2728.0	3623.0	3123.0	2272.0	1161.0	2289.0	3676.0	3251.0	2408.0	1214.0	2434.0	3643.0	3146.0	2250.0	1174.0	2362.0	3639.0	3151.0	2199.0	1135.0	2275.0	3673.0	3234.0	2396.0	1114.0	2236.0	3691.0	3276.0	2468.0	1197.0	2372.0	3658.0	3204.0	2323.0	1119.0	2233.0	3644.0	3177.0	2357.0	906.0	1793.0	3747.0	3395.0	2710.0	1168.0	2369.0	3685.0	3257.0	2430.0	1066.0	2127.0	3682.0	3267.0	2435.0	1022.0	2070.0	3678.0	3252.0	2379.0
pVASP_150_164		1286.0	2592.0	3744.0	3375.0	2746.0	1035.0	2079.0	3791.0	3477.0	2875.0	1034.0	2096.0	3787.0	3462.0	2820.0	1067.0	2140.0	3754.0	3399.0	2887.0	1178.0	2364.0	3754.0	3411.0	2724.0	1099.0	2207.0	3778.0	3464.0	2839.0	1037.0	2059.0	3792.0	3509.0	2909.0	1026.0	2032.0	3763.0	3431.0	2733.0	1007.0	2038.0	3803.0	3517.0	2911.0	1049.0	2088.0	3788.0	3501.0	2863.0	997.0	2013.0	3790.0	3498.0	2896.0	990.0	2037.0	3776.0	3450.0	2894.0
CDK7_163_175		3.0	2.0	14.0	32.0	81.0	2.0	-1.0	9.0	21.0	48.0	1.0	2.0	13.0	28.0	49.0	0.0	0.0	7.0	25.0	46.0	-1.0	5.0	8.0	32.0	71.0	3.0	4.0	9.0	21.0	36.0	3.0	5.0	16.0	23.0	50.0	1.0	3.0	18.0	30.0	41.0	2.0	3.0	6.0	14.0	35.0	1.0	2.0	9.0	22.0	63.0	-1.0	3.0	9.0	24.0	44.0	3.0	5.0	12.0	29.0	72.0
ESR1_160_172		115.0	231.0	599.0	1210.0	2405.0	103.0	209.0	536.0	1067.0	2139.0	116.0	225.0	570.0	1158.0	2320.0	101.0	202.0	521.0	1050.0	2103.0	99.0	208.0	522.0	1047.0	2103.0	104.0	208.0	527.0	1073.0	2144.0	107.0	211.0	537.0	1082.0	2176.0	100.0	198.0	513.0	1022.0	2073.0	68.0	141.0	356.0	708.0	1420.0	97.0	199.0	514.0	1016.0	2042.0	94.0	191.0	485.0	988.0	1958.0	91.0	185.0	468.0	940.0	1869.0
IKBA_26_38		1.0	-1.0	1.0	1.0	5.0	0.0	0.0	0.0	-1.0	-3.0	1.0	-1.0	-1.0	1.0	-7.0	0.0	-2.0	0.0	-3.0	-7.0	1.0	1.0	-1.0	-2.0	-5.0	2.0	0.0	0.0	1.0	4.0	0.0	-1.0	-3.0	-2.0	2.0	1.0	1.0	-1.0	0.0	0.0	-1.0	0.0	-2.0	-1.0	-1.0	-1.0	0.0	1.0	-2.0	-4.0	-1.0	-1.0	-2.0	-1.0	-2.0	-1.0	0.0	0.0	2.0	0.0
KS6A1_374_386		3.0	6.0	14.0	30.0	70.0	3.0	8.0	15.0	33.0	65.0	4.0	6.0	16.0	40.0	91.0	3.0	9.0	18.0	43.0	93.0	4.0	8.0	16.0	39.0	73.0	4.0	8.0	16.0	43.0	79.0	3.0	7.0	19.0	42.0	82.0	3.0	6.0	19.0	42.0	93.0	3.0	4.0	16.0	30.0	69.0	3.0	5.0	17.0	35.0	77.0	3.0	8.0	17.0	37.0	78.0	5.0	6.0	18.0	39.0	85.0
MPIP3_208_220		2.0	3.0	5.0	11.0	28.0	0.0	3.0	6.0	6.0	18.0	1.0	3.0	4.0	11.0	30.0	2.0	4.0	6.0	16.0	35.0	0.0	3.0	8.0	10.0	32.0	2.0	5.0	9.0	17.0	36.0	3.0	4.0	6.0	14.0	34.0	2.0	5.0	11.0	16.0	34.0	0.0	2.0	5.0	9.0	22.0	2.0	3.0	7.0	10.0	31.0	0.0	1.0	7.0	10.0	27.0	3.0	1.0	9.0	18.0	41.0
PDPK1_27_39		-1.0	-2.0	-3.0	-13.0	-24.0	2.0	-1.0	-2.0	-6.0	-11.0	0.0	-3.0	-7.0	-12.0	-35.0	-3.0	-3.0	-12.0	-18.0	-45.0	-2.0	1.0	-3.0	-8.0	-14.0	0.0	0.0	-8.0	-11.0	-28.0	-3.0	-3.0	-11.0	-17.0	-35.0	-1.0	-5.0	-8.0	-20.0	-41.0	-1.0	-1.0	-4.0	-8.0	-13.0	-2.0	-3.0	-6.0	-13.0	-32.0	-1.0	-2.0	-5.0	-7.0	-19.0	-4.0	-3.0	-9.0	-17.0	-32.0
RB_803_815		1.0	8.0	13.0	24.0	66.0	3.0	5.0	10.0	25.0	55.0	4.0	3.0	9.0	26.0	65.0	3.0	4.0	15.0	36.0	63.0	2.0	6.0	13.0	27.0	60.0	3.0	6.0	11.0	27.0	69.0	3.0	5.0	15.0	31.0	62.0	4.0	4.0	14.0	34.0	68.0	1.0	4.0	11.0	20.0	42.0	3.0	5.0	16.0	29.0	68.0	3.0	2.0	14.0	25.0	56.0	2.0	5.0	15.0	33.0	63.0
VASP_232_244		-2.0	-2.0	-8.0	-18.0	-25.0	1.0	-3.0	1.0	3.0	12.0	-2.0	-5.0	-7.0	-8.0	-97.0	0.0	4.0	6.0	19.0	23.0	-1.0	-2.0	-13.0	-9.0	-15.0	-2.0	-2.0	-3.0	-30.0	-34.0	0.0	4.0	0.0	5.0	-2.0	-2.0	0.0	-4.0	-14.0	-17.0	-2.0	-4.0	-15.0	-26.0	-52.0	-3.0	-2.0	-4.0	-24.0	-18.0	1.0	-8.0	-13.0	-32.0	-72.0	-3.0	-2.0	-14.0	-23.0	0.0
GBRB2_427_439		1264.0	2511.0	3713.0	3309.0	2581.0	1028.0	2045.0	3745.0	3376.0	2777.0	1053.0	2089.0	3728.0	3340.0	2582.0	1082.0	2207.0	3704.0	3312.0	2628.0	991.0	1998.0	3746.0	3400.0	2781.0	1053.0	2130.0	3743.0	3377.0	2664.0	1051.0	2105.0	3742.0	3394.0	2668.0	984.0	1953.0	3748.0	3381.0	2688.0	846.0	1693.0	3797.0	3504.0	2898.0	992.0	2005.0	3770.0	3431.0	2792.0	931.0	1876.0	3766.0	3430.0	2869.0	943.0	1900.0	3743.0	3380.0	2668.0
PYGL_8_20		-6.0	-19.0	-38.0	-76.0	-134.0	-6.0	-17.0	-38.0	-75.0	-170.0	-7.0	-16.0	-31.0	-68.0	-162.0	-7.0	-10.0	-39.0	-81.0	-169.0	-5.0	-16.0	-46.0	-79.0	-148.0	-4.0	-13.0	-31.0	-73.0	-157.0	-6.0	-16.0	-49.0	-96.0	-192.0	-6.0	-11.0	-34.0	-68.0	-156.0	-5.0	-15.0	-38.0	-70.0	-142.0	-9.0	-21.0	-44.0	-87.0	-177.0	-9.0	-17.0	-29.0	-67.0	-140.0	-8.0	-15.0	-33.0	-85.0	-169.0
TY3H_65_77		1168.0	2326.0	3759.0	3314.0	2554.0	1009.0	2013.0	3779.0	3471.0	2818.0	1121.0	2248.0	3764.0	3417.0	2627.0	1016.0	2091.0	3750.0	3392.0	2651.0	944.0	1879.0	3777.0	3462.0	2866.0	997.0	1994.0	3788.0	3459.0	2822.0	1058.0	2080.0	3745.0	3395.0	2592.0	1002.0	1985.0	3768.0	3388.0	2583.0	764.0	1543.0	3841.0	3578.0	3047.0	969.0	1933.0	3790.0	3490.0	2862.0	948.0	1923.0	3765.0	3439.0	2770.0	857.0	1740.0	3766.0	3429.0	2764.0